,ts_code,trade_date,open,high,low,close,pre_close,change,pct_chg,vol,amount,adj_factor
0,600233.SH,20200831,15.29,16.08,15.28,16.01,15.25,0.7600000000000016,4.98,757585.41,1193043.545,5.061
1,600233.SH,20200828,16.0,16.05,14.9,15.25,15.93,-0.6799999999999997,-4.27,656746.83,996262.321,5.061
2,600233.SH,20200827,14.99,16.1,14.55,15.93,14.99,0.9399999999999995,6.27,519924.86,808682.33,5.061
3,600233.SH,20200826,14.73,15.4,14.6,14.99,14.62,0.370000000000001,2.53,420493.16,627522.237,5.061
4,600233.SH,20200825,15.1,15.23,14.5,14.62,15.07,-0.45000000000000107,-2.99,367842.44,544801.642,5.061
5,600233.SH,20200824,15.36,15.36,14.99,15.07,15.18,-0.10999999999999943,-0.72,139526.87,211594.572,5.061
6,600233.SH,20200821,15.54,15.59,15.15,15.18,15.53,-0.34999999999999964,-2.25,183651.42,280867.148,5.061
7,600233.SH,20200820,15.51,15.78,15.28,15.53,15.5,0.02999999999999936,0.19,141087.03,217797.898,5.061
8,600233.SH,20200819,15.82,16.52,15.38,15.5,15.64,-0.14000000000000057,-0.9,397047.64,633322.531,5.061
9,600233.SH,20200818,15.0,15.8,14.92,15.64,14.96,0.6799999999999997,4.55,350984.01,538473.577,5.061
10,600233.SH,20200817,14.96,15.06,14.62,14.96,14.87,0.09000000000000163,0.61,224610.67,333653.164,5.061
11,600233.SH,20200814,14.69,15.09,14.62,14.87,14.62,0.25,1.71,193060.64,287460.601,5.061
12,600233.SH,20200813,14.18,14.94,14.18,14.62,14.09,0.5299999999999994,3.76,192067.95,281916.07,5.061
13,600233.SH,20200812,14.51,14.58,13.87,14.09,14.51,-0.41999999999999993,-2.89,226791.72,319749.942,5.061
14,600233.SH,20200811,14.6,14.81,14.46,14.51,14.53,-0.019999999999999574,-0.14,104961.98,153656.985,5.061
15,600233.SH,20200810,14.82,15.0,14.5,14.53,14.92,-0.39000000000000057,-2.61,196355.06,287985.601,5.061
16,600233.SH,20200807,14.88,15.04,14.66,14.92,14.88,0.03999999999999915,0.27,108025.1,160504.003,5.061
17,600233.SH,20200806,15.12,15.26,14.84,14.88,15.24,-0.35999999999999943,-2.36,157218.53,235133.523,5.061
18,600233.SH,20200805,15.27,15.32,14.95,15.24,15.29,-0.049999999999998934,-0.33,114044.23,172561.793,5.061
19,600233.SH,20200804,15.51,15.59,15.13,15.29,15.55,-0.26000000000000156,-1.67,116561.64,178377.613,5.061
20,600233.SH,20200803,15.29,15.6,15.2,15.55,15.31,0.2400000000000002,1.57,144215.51,222270.552,5.061
21,600233.SH,20200731,15.43,15.64,15.06,15.31,15.52,-0.20999999999999908,-1.35,136946.4,209862.074,5.061
22,600233.SH,20200730,15.64,16.06,15.48,15.52,15.64,-0.120000000000001,-0.77,135225.19,212324.791,5.061
23,600233.SH,20200729,15.58,15.73,15.35,15.64,15.58,0.0600000000000005,0.39,93319.81,145361.254,5.061
24,600233.SH,20200728,15.5,15.65,15.3,15.58,15.5,0.08000000000000007,0.52,75456.41,116769.609,5.061
25,600233.SH,20200727,15.04,15.6,14.91,15.5,15.08,0.41999999999999993,2.79,121869.08,186529.521,5.061
26,600233.SH,20200724,15.72,15.9,14.91,15.08,15.93,-0.8499999999999996,-5.34,191780.74,293086.418,5.061
27,600233.SH,20200723,16.28,16.37,15.31,15.93,16.52,-0.5899999999999999,-3.57,297733.02,471468.766,5.061
28,600233.SH,20200722,15.96,16.76,15.85,16.52,15.79,0.7300000000000004,4.62,322771.59,527711.582,5.061
29,600233.SH,20200721,16.16,16.47,15.57,15.79,16.16,-0.370000000000001,-2.29,274727.8,435963.49,5.061
30,600233.SH,20200720,14.93,16.16,14.92,16.16,14.88,1.2799999999999994,8.6,277327.88,435135.26,5.061
31,600233.SH,20200717,15.06,15.16,14.55,14.88,15.06,-0.17999999999999972,-1.2,145655.6,216653.964,5.061
32,600233.SH,20200716,15.44,15.92,14.81,15.06,15.41,-0.34999999999999964,-2.27,289347.16,444857.692,5.061
33,600233.SH,20200715,15.25,16.1,15.24,15.41,15.24,0.16999999999999993,1.12,302127.31,472069.947,5.061
34,600233.SH,20200714,15.8,15.8,15.0,15.24,15.82,-0.5800000000000001,-3.67,235837.18,362046.036,5.061
35,600233.SH,20200713,15.63,15.94,15.23,15.82,15.69,0.13000000000000078,0.83,269876.76,420364.876,5.061
36,600233.SH,20200710,15.79,16.18,15.51,15.69,15.78,-0.08999999999999986,-0.57,198077.73,314172.878,5.061
37,600233.SH,20200709,15.81,16.05,15.61,15.78,15.81,-0.030000000000001137,-0.19,237977.76,377133.218,5.061
38,600233.SH,20200708,15.91,16.03,15.48,15.81,15.95,-0.1399999999999988,-0.88,310877.32,486969.901,5.061
39,600233.SH,20200707,15.58,16.34,15.36,15.95,15.51,0.4399999999999995,2.84,297972.95,474824.304,5.061
40,600233.SH,20200706,15.19,15.67,15.09,15.51,15.19,0.3200000000000003,2.11,233083.45,359078.793,5.061
41,600233.SH,20200703,15.07,15.25,14.9,15.19,15.07,0.11999999999999922,0.8,174076.48,262818.183,5.061
42,600233.SH,20200702,15.14,15.35,14.94,15.07,15.19,-0.11999999999999922,-0.79,183246.96,277125.359,5.061
43,600233.SH,20200701,14.6,15.22,14.5,15.19,14.56,0.629999999999999,4.33,231093.19,345318.874,5.061
44,600233.SH,20200630,14.44,14.63,14.41,14.56,14.41,0.15000000000000036,1.04,130978.94,190453.156,5.061
45,600233.SH,20200629,14.89,14.98,14.32,14.41,14.69,-0.27999999999999936,-1.91,189192.55,275441.529,5.061
46,600233.SH,20200624,15.05,15.09,14.62,14.69,14.99,-0.3000000000000007,-2.0,155363.67,229445.142,5.061
47,600233.SH,20200623,15.38,15.45,14.88,14.99,15.23,-0.2400000000000002,-1.58,255280.02,383070.382,5.061
48,600233.SH,20200622,16.75,16.76,14.95,15.23,16.27,-1.0399999999999991,-6.39,519508.74,792188.04,5.061
49,600233.SH,20200619,16.9,16.9,16.07,16.27,16.71,-0.4400000000000013,-2.63,440672.98,720318.981,5.061
50,600233.SH,20200618,16.79,16.99,16.39,16.71,16.8,-0.08999999999999986,-0.54,148527.49,247749.177,5.061
51,600233.SH,20200617,17.05,17.3,16.62,16.8,16.98,-0.17999999999999972,-1.06,158446.8,267614.574,5.061
52,600233.SH,20200616,16.39,17.5,16.18,16.98,16.32,0.6600000000000001,4.04,240047.45,406324.57,5.061
53,600233.SH,20200615,16.03,16.86,16.03,16.32,15.96,0.35999999999999943,2.26,363089.72,595688.238,5.061
54,600233.SH,20200612,15.51,16.5,15.28,15.96,15.78,0.1800000000000015,1.14,245588.24,392244.66,5.061
55,600233.SH,20200611,15.88,16.25,15.65,15.78,15.89,-0.11000000000000121,-0.69,205587.02,327728.733,5.061
56,600233.SH,20200610,15.77,16.05,15.46,15.89,15.86,0.030000000000001137,0.19,192074.92,302605.245,5.061
57,600233.SH,20200609,14.96,15.94,14.92,15.86,14.91,0.9499999999999993,6.37,349313.74,538642.42,5.061
58,600233.SH,20200608,14.45,15.1,14.45,14.91,14.53,0.3800000000000008,2.62,398878.3,592231.65,5.061
59,600233.SH,20200605,13.65,14.9,13.46,14.53,13.66,0.8699999999999992,6.37,364128.03,520659.588,5.009
60,600233.SH,20200604,13.56,13.73,13.47,13.66,13.6,0.0600000000000005,0.44,100543.6,138389.636,5.009
61,600233.SH,20200603,13.61,13.8,13.55,13.6,13.5,0.09999999999999964,0.74,145132.5,200494.415,5.009
62,600233.SH,20200602,13.46,13.96,13.35,13.5,13.42,0.08000000000000007,0.6,186047.78,255959.703,5.009
63,600233.SH,20200601,13.15,13.56,13.06,13.42,13.04,0.3800000000000008,2.91,202173.37,272365.667,5.009
64,600233.SH,20200529,12.73,13.16,12.73,13.04,12.72,0.3199999999999985,2.52,132858.63,174282.827,5.009
65,600233.SH,20200528,12.98,13.13,12.53,12.72,12.99,-0.2699999999999996,-2.08,119942.58,154353.856,5.009
66,600233.SH,20200527,13.21,13.29,12.96,12.99,13.18,-0.1899999999999995,-1.44,76012.62,100487.402,5.009
67,600233.SH,20200526,13.18,13.41,12.94,13.18,13.06,0.11999999999999922,0.92,177122.52,235212.845,5.009
68,600233.SH,20200525,13.36,13.36,12.94,13.06,13.43,-0.3699999999999992,-2.76,171259.09,226460.835,5.009
69,600233.SH,20200522,13.4,13.66,13.25,13.43,13.42,0.009999999999999787,0.07,162576.12,220664.218,5.009
70,600233.SH,20200521,13.76,13.81,13.36,13.42,13.65,-0.23000000000000043,-1.68,135107.61,184062.094,5.009
71,600233.SH,20200520,13.69,13.99,13.6,13.65,13.69,-0.03999999999999915,-0.29,275185.14,384060.113,5.009
72,600233.SH,20200519,13.31,13.88,13.25,13.69,13.22,0.46999999999999886,3.56,462525.09,638357.231,5.009
73,600233.SH,20200518,12.57,13.26,12.16,13.22,12.51,0.7100000000000009,5.68,372642.21,479847.822,5.009
74,600233.SH,20200515,12.67,12.92,12.41,12.51,12.67,-0.16000000000000014,-1.26,168423.69,214884.486,5.009
75,600233.SH,20200514,12.81,12.95,12.47,12.67,12.95,-0.27999999999999936,-2.16,161947.47,207805.459,5.009
76,600233.SH,20200513,12.69,13.12,12.64,12.95,12.82,0.129999999999999,1.01,154762.33,202542.802,5.009
77,600233.SH,20200512,12.45,12.84,12.39,12.82,12.49,0.33000000000000007,2.64,130135.52,166195.009,5.009
78,600233.SH,20200511,12.5,12.77,12.4,12.49,12.36,0.13000000000000078,1.05,108317.16,137456.952,5.009
79,600233.SH,20200508,12.26,12.4,12.23,12.36,12.25,0.10999999999999943,0.9,60756.18,75665.347,5.009
80,600233.SH,20200507,12.41,12.53,12.25,12.25,12.48,-0.23000000000000043,-1.84,83084.09,103969.122,5.009
81,600233.SH,20200506,12.4,12.52,12.22,12.48,12.53,-0.049999999999998934,-0.4,94260.38,117862.708,5.009
82,600233.SH,20200430,12.67,12.92,12.52,12.53,12.62,-0.08999999999999986,-0.71,143295.87,183780.811,5.009
83,600233.SH,20200429,12.05,12.81,12.05,12.62,12.05,0.5699999999999985,4.73,271713.9,343503.324,5.009
84,600233.SH,20200428,12.41,12.47,11.78,12.05,12.39,-0.33999999999999986,-2.74,191881.93,235823.261,5.009
85,600233.SH,20200427,12.47,12.67,12.18,12.39,12.34,0.05000000000000071,0.41,265706.65,335502.064,5.009
86,600233.SH,20200424,12.03,12.52,11.9,12.34,11.99,0.34999999999999964,2.92,435915.32,542065.019,5.009
87,600233.SH,20200423,11.51,12.17,11.49,11.99,11.48,0.5099999999999998,4.44,436804.66,523597.9,5.009
88,600233.SH,20200422,11.14,11.55,11.06,11.48,11.18,0.3000000000000007,2.68,174373.1,200925.918,5.009
89,600233.SH,20200421,11.26,11.26,11.08,11.18,11.26,-0.08000000000000007,-0.71,148742.06,167907.523,5.009
90,600233.SH,20200420,11.51,11.57,11.19,11.26,11.41,-0.15000000000000036,-1.31,139060.74,158920.057,5.009
91,600233.SH,20200417,11.3,11.62,11.25,11.41,11.14,0.2699999999999996,2.42,195181.47,225636.855,5.009
92,600233.SH,20200416,11.14,11.24,11.02,11.14,11.19,-0.049999999999998934,-0.45,112219.11,126095.997,5.009
93,600233.SH,20200415,11.33,11.42,11.16,11.19,11.38,-0.19000000000000128,-1.67,85816.36,97869.377,5.009
94,600233.SH,20200414,11.27,11.41,11.14,11.38,11.2,0.1800000000000015,1.61,111763.79,127808.809,5.009
95,600233.SH,20200413,11.19,11.31,11.08,11.2,11.27,-0.07000000000000028,-0.62,64308.22,72866.224,5.009
96,600233.SH,20200410,11.58,11.58,11.2,11.27,11.51,-0.2400000000000002,-2.09,105856.36,121542.951,5.009
97,600233.SH,20200409,11.6,11.65,11.44,11.51,11.52,-0.009999999999999787,-0.09,102946.78,119945.117,5.009
98,600233.SH,20200408,11.55,11.6,11.45,11.52,11.62,-0.09999999999999964,-0.86,111966.22,130394.748,5.009
99,600233.SH,20200407,11.26,11.7,11.22,11.62,11.08,0.5399999999999991,4.87,257022.11,298255.279,5.009
100,600233.SH,20200403,11.22,11.41,11.08,11.08,11.22,-0.14000000000000057,-1.25,134859.46,152949.969,5.009
101,600233.SH,20200402,11.08,11.29,10.99,11.22,11.14,0.08000000000000007,0.72,122218.2,137914.955,5.009
102,600233.SH,20200401,11.29,11.43,11.13,11.14,11.45,-0.3099999999999987,-2.71,198221.1,225227.538,5.009
103,600233.SH,20200331,11.19,11.78,11.09,11.45,11.08,0.3699999999999992,3.34,401090.7,462805.937,5.009
104,600233.SH,20200330,11.07,11.28,10.84,11.08,11.06,0.019999999999999574,0.18,234528.3,262907.878,5.009
105,600233.SH,20200327,11.12,11.41,11.03,11.06,10.95,0.11000000000000121,1.0,188728.22,213452.916,5.009
106,600233.SH,20200326,11.1,11.2,10.93,10.95,11.18,-0.23000000000000043,-2.06,133309.59,148797.984,5.009
107,600233.SH,20200325,11.13,11.26,11.0,11.18,10.78,0.40000000000000036,3.71,243651.59,274184.229,5.009
108,600233.SH,20200324,10.59,10.82,10.52,10.78,10.43,0.34999999999999964,3.36,241714.89,260209.05,5.009
109,600233.SH,20200323,10.41,10.64,10.18,10.43,10.79,-0.35999999999999943,-3.34,242810.25,256388.116,5.009
110,600233.SH,20200320,10.91,10.98,10.63,10.79,10.87,-0.08000000000000007,-0.74,275092.57,299144.577,5.009
111,600233.SH,20200319,11.08,11.18,10.69,10.87,11.13,-0.26000000000000156,-2.34,296897.04,326088.511,5.009
112,600233.SH,20200318,11.7,11.73,11.13,11.13,11.61,-0.47999999999999865,-4.13,273916.51,316985.089,5.009
113,600233.SH,20200317,11.88,12.04,11.27,11.61,11.78,-0.16999999999999993,-1.44,286237.75,334791.893,5.009
114,600233.SH,20200316,12.35,12.46,11.7,11.78,12.33,-0.5500000000000007,-4.46,225692.5,274641.73,5.009
115,600233.SH,20200313,11.93,12.47,11.78,12.33,12.59,-0.2599999999999998,-2.07,219712.55,271668.65,5.009
116,600233.SH,20200312,12.96,13.06,12.54,12.59,13.17,-0.5800000000000001,-4.4,207929.18,266973.997,5.009
117,600233.SH,20200311,13.56,13.58,13.16,13.17,13.51,-0.33999999999999986,-2.52,181723.17,245314.508,5.009
118,600233.SH,20200310,13.54,13.71,13.09,13.51,13.42,0.08999999999999986,0.67,299296.98,404128.835,5.009
119,600233.SH,20200309,13.9,14.14,13.33,13.42,13.73,-0.3100000000000005,-2.26,245144.91,336213.712,5.009
120,600233.SH,20200306,13.66,13.9,13.57,13.73,13.83,-0.09999999999999964,-0.72,178303.83,247977.171,5.009
121,600233.SH,20200305,13.71,13.86,13.6,13.83,13.62,0.21000000000000085,1.54,224223.58,311228.371,5.009
122,600233.SH,20200304,13.75,13.92,13.49,13.62,13.74,-0.120000000000001,-0.87,137560.81,189642.266,5.009
123,600233.SH,20200303,14.03,14.09,13.59,13.74,14.04,-0.29999999999999893,-2.14,280518.24,393492.092,5.009
124,600233.SH,20200302,13.79,14.2,13.71,14.04,13.66,0.379999999999999,2.78,198229.3,279165.981,5.009
125,600233.SH,20200228,13.43,14.05,13.37,13.66,13.8,-0.14000000000000057,-1.01,237413.49,328466.357,5.009
126,600233.SH,20200227,13.97,14.04,13.61,13.8,13.91,-0.10999999999999943,-0.79,194049.04,270904.42,5.009
127,600233.SH,20200226,13.88,14.18,13.81,13.91,14.23,-0.3200000000000003,-2.25,170996.97,241629.638,5.009
128,600233.SH,20200225,13.72,14.35,13.58,14.23,14.09,0.14000000000000057,0.99,331438.17,472013.808,5.009
129,600233.SH,20200224,14.49,14.49,14.08,14.09,14.68,-0.5899999999999999,-4.02,365457.28,524496.306,5.009
130,600233.SH,20200221,14.7,14.74,14.44,14.68,14.75,-0.07000000000000028,-0.47,195582.05,287858.218,5.009
131,600233.SH,20200220,14.56,14.87,14.49,14.75,14.62,0.13000000000000078,0.89,171623.41,254596.756,5.009
132,600233.SH,20200219,14.62,14.93,14.4,14.62,14.72,-0.10000000000000142,-0.68,185243.27,275057.814,5.009
133,600233.SH,20200218,15.01,15.01,14.37,14.72,15.12,-0.3999999999999986,-2.65,239922.67,355242.023,5.009
134,600233.SH,20200217,14.74,15.33,14.51,15.12,14.23,0.8899999999999988,6.25,360682.79,545236.45,5.009
135,600233.SH,20200214,14.21,14.23,13.88,14.23,14.09,0.14000000000000057,0.99,138910.87,197265.438,5.009
136,600233.SH,20200213,14.63,14.66,13.97,14.09,14.67,-0.5800000000000001,-3.95,187464.6,269838.126,5.009
137,600233.SH,20200212,14.59,14.88,14.36,14.67,14.58,0.08999999999999986,0.62,142220.27,210900.98,5.009
138,600233.SH,20200211,15.21,15.32,14.45,14.58,15.16,-0.5800000000000001,-3.83,227323.7,339265.017,5.009
139,600233.SH,20200210,15.15,15.24,14.73,15.16,15.34,-0.17999999999999972,-1.17,256169.65,388174.848,5.009
140,600233.SH,20200207,15.66,15.72,15.03,15.34,15.66,-0.3200000000000003,-2.04,400725.53,620723.424,5.009
141,600233.SH,20200206,14.52,15.66,14.02,15.66,14.23,1.4299999999999997,10.05,491868.9,763822.234,5.009
142,600233.SH,20200205,13.05,14.35,12.89,14.23,13.05,1.1799999999999997,9.04,193294.7,265843.256,5.009
143,600233.SH,20200204,13.0,13.19,12.75,13.05,12.69,0.3600000000000012,2.84,130095.84,170356.994,5.009
144,600233.SH,20200203,12.44,13.43,12.43,12.69,13.82,-1.1300000000000008,-8.18,154801.9,201301.265,5.009
145,600233.SH,20200123,13.86,14.29,13.37,13.82,13.76,0.0600000000000005,0.44,162972.04,228154.664,5.009
146,600233.SH,20200122,14.04,14.36,13.61,13.76,14.05,-0.2900000000000009,-2.06,109206.0,152964.509,5.009
147,600233.SH,20200121,14.03,14.2,13.67,14.05,13.85,0.20000000000000107,1.44,139333.05,196825.482,5.009
148,600233.SH,20200120,13.06,13.95,12.99,13.85,13.12,0.7300000000000004,5.56,169751.31,233540.785,5.009
149,600233.SH,20200117,12.97,13.17,12.83,13.12,12.94,0.17999999999999972,1.39,83774.92,110237.285,5.009
150,600233.SH,20200116,12.76,13.02,12.69,12.94,12.76,0.17999999999999972,1.41,76141.62,99247.192,5.009
151,600233.SH,20200115,12.84,12.89,12.69,12.76,12.84,-0.08000000000000007,-0.62,52714.24,68003.035,5.009
152,600233.SH,20200114,12.9,13.0,12.79,12.84,12.92,-0.08000000000000007,-0.62,46309.45,60199.946,5.009
153,600233.SH,20200113,12.65,12.92,12.52,12.92,12.66,0.2599999999999998,2.05,73705.16,95159.658,5.009
154,600233.SH,20200110,12.77,12.83,12.54,12.66,12.76,-0.09999999999999964,-0.78,51303.05,65485.116,5.009
155,600233.SH,20200109,12.48,12.92,12.48,12.76,12.37,0.39000000000000057,3.15,90366.31,116620.599,5.009
156,600233.SH,20200108,12.58,12.58,12.34,12.37,12.63,-0.26000000000000156,-2.06,57068.42,71927.5,5.009
157,600233.SH,20200107,12.53,12.65,12.46,12.63,12.53,0.10000000000000142,0.8,51618.14,65527.09,5.009
158,600233.SH,20200106,12.6,12.67,12.45,12.53,12.68,-0.15000000000000036,-1.18,62766.65,79700.381,5.009
159,600233.SH,20200103,12.67,12.9,12.66,12.68,12.65,0.02999999999999936,0.24,65495.13,84455.343,5.009
160,600233.SH,20200102,12.55,12.66,12.45,12.65,12.52,0.13000000000000078,1.04,67133.68,85383.166,5.009
161,600233.SH,20191231,12.51,12.67,12.45,12.52,12.53,-0.009999999999999787,-0.08,37340.21,47273.873,5.009
162,600233.SH,20191230,12.36,13.18,12.17,12.53,12.37,0.16000000000000014,1.29,60038.99,75746.621,5.009
163,600233.SH,20191227,12.35,12.57,12.3,12.37,12.33,0.03999999999999915,0.32,77595.67,97612.181,5.009
164,600233.SH,20191226,12.12,12.33,12.07,12.33,12.12,0.21000000000000085,1.73,40098.92,49549.571,5.009
165,600233.SH,20191225,12.17,12.2,12.03,12.12,12.18,-0.0600000000000005,-0.49,27102.43,33131.923,5.009
166,600233.SH,20191224,12.21,12.23,12.03,12.18,12.23,-0.05000000000000071,-0.41,35254.84,43140.915,5.009
167,600233.SH,20191223,12.21,12.3,12.13,12.23,12.2,0.030000000000001137,0.25,58319.01,72189.148,5.009
168,600233.SH,20191220,12.44,12.51,12.16,12.2,12.43,-0.23000000000000043,-1.85,88310.56,109741.18,5.009
169,600233.SH,20191219,12.5,12.56,12.37,12.43,12.44,-0.009999999999999787,-0.08,50761.9,63802.852,5.009
170,600233.SH,20191218,12.49,12.74,12.41,12.44,12.41,0.02999999999999936,0.24,84530.65,107199.28,5.009
171,600233.SH,20191217,12.31,12.47,12.21,12.41,12.31,0.09999999999999964,0.81,75817.34,94485.845,5.009
172,600233.SH,20191216,12.09,12.32,12.02,12.31,12.0,0.3100000000000005,2.58,57605.97,71119.585,5.009
173,600233.SH,20191213,11.98,12.12,11.92,12.0,11.88,0.11999999999999922,1.01,56644.29,68831.836,5.009
174,600233.SH,20191212,11.91,12.0,11.78,11.88,11.91,-0.02999999999999936,-0.25,44493.09,53528.085,5.009
175,600233.SH,20191211,11.95,12.04,11.83,11.91,11.95,-0.03999999999999915,-0.33,39795.85,47889.812,5.009
176,600233.SH,20191210,12.04,12.09,11.88,11.95,12.09,-0.14000000000000057,-1.16,38436.44,46416.593,5.009
177,600233.SH,20191209,12.2,12.3,12.04,12.09,12.21,-0.120000000000001,-0.98,50670.02,62211.593,5.009
178,600233.SH,20191206,12.32,12.35,12.09,12.21,12.32,-0.10999999999999943,-0.89,35474.9,43688.626,5.009
179,600233.SH,20191205,12.51,12.51,12.28,12.32,12.37,-0.049999999999998934,-0.4,34821.38,43434.045,5.009
180,600233.SH,20191204,12.44,12.44,12.27,12.37,12.35,0.019999999999999574,0.16,24862.2,31044.57,5.009
181,600233.SH,20191203,12.24,12.45,12.05,12.35,12.21,0.1399999999999988,1.15,55129.45,68358.086,5.009
182,600233.SH,20191202,12.26,12.36,12.0,12.21,12.28,-0.06999999999999851,-0.57,51181.81,63071.761,5.009
183,600233.SH,20191129,12.25,12.44,12.08,12.28,12.39,-0.11000000000000121,-0.89,41962.73,51935.025,5.009
184,600233.SH,20191128,12.33,12.42,12.03,12.39,12.39,0.0,0.0,49898.55,61648.89,5.009
185,600233.SH,20191127,12.2,12.49,12.19,12.39,12.28,0.11000000000000121,0.9,64281.0,80417.484,5.009
186,600233.SH,20191126,12.15,12.34,11.98,12.28,12.2,0.08000000000000007,0.66,53493.51,65644.932,5.009
187,600233.SH,20191125,11.73,12.24,11.73,12.2,11.72,0.47999999999999865,4.1,70607.28,85696.177,5.009
188,600233.SH,20191122,11.94,12.02,11.65,11.72,11.92,-0.1999999999999993,-1.68,48770.23,58195.685,5.009
189,600233.SH,20191121,12.14,12.2,11.72,11.92,12.14,-0.22000000000000064,-1.81,83383.34,100353.571,5.009
190,600233.SH,20191120,12.45,12.51,12.1,12.14,12.55,-0.41000000000000014,-3.27,43774.0,54305.066,5.009
191,600233.SH,20191119,12.31,12.64,12.27,12.55,12.31,0.2400000000000002,1.95,55309.2,69797.555,5.009
192,600233.SH,20191118,12.14,12.46,11.77,12.31,11.92,0.39000000000000057,3.27,53442.36,65804.878,5.009
193,600233.SH,20191115,12.27,12.29,11.92,11.92,12.27,-0.34999999999999964,-2.85,59262.13,72433.834,5.009
194,600233.SH,20191114,12.49,12.55,12.15,12.27,12.44,-0.16999999999999993,-1.37,77967.23,96820.625,5.009
195,600233.SH,20191113,12.44,12.54,12.28,12.44,12.44,0.0,0.0,60141.41,75629.866,5.009
196,600233.SH,20191112,12.28,12.55,12.28,12.44,12.25,0.1899999999999995,1.55,69090.95,86826.099,5.009
197,600233.SH,20191111,12.77,12.81,12.23,12.25,12.71,-0.46000000000000085,-3.62,94786.68,118848.142,5.009
198,600233.SH,20191108,13.13,13.23,12.69,12.71,13.04,-0.3299999999999983,-2.53,120724.85,156915.126,5.009
199,600233.SH,20191107,13.08,13.11,12.93,13.04,13.05,-0.010000000000001563,-0.08,82071.64,108078.042,5.009
200,600233.SH,20191106,12.82,13.16,12.76,13.05,12.85,0.20000000000000107,1.56,146653.35,193164.642,5.009
201,600233.SH,20191105,12.64,12.95,12.52,12.85,12.63,0.21999999999999886,1.74,116024.96,149620.391,5.009
202,600233.SH,20191104,12.62,12.64,12.45,12.63,12.57,0.0600000000000005,0.48,98319.54,124582.53,5.009
203,600233.SH,20191101,12.42,12.58,12.35,12.57,12.41,0.16000000000000014,1.29,71677.02,90441.587,5.009
204,600233.SH,20191031,12.52,12.66,12.33,12.41,12.47,-0.0600000000000005,-0.48,62978.29,79438.435,5.009
205,600233.SH,20191030,12.84,12.88,12.42,12.47,12.78,-0.3099999999999987,-2.43,90732.87,115061.336,5.009
206,600233.SH,20191029,12.88,13.0,12.58,12.78,13.0,-0.22000000000000064,-1.69,103576.37,133442.363,5.009
207,600233.SH,20191028,12.83,13.1,12.73,13.0,13.02,-0.019999999999999574,-0.15,111495.74,145746.343,5.009
208,600233.SH,20191025,12.77,13.12,12.69,13.02,12.85,0.16999999999999993,1.32,147869.16,194261.724,5.009
209,600233.SH,20191024,12.76,12.85,12.47,12.85,12.76,0.08999999999999986,0.71,98720.16,125631.269,5.009
210,600233.SH,20191023,13.19,13.19,12.72,12.76,13.11,-0.34999999999999964,-2.67,134938.47,175644.791,5.009
211,600233.SH,20191022,12.95,13.14,12.79,13.11,12.92,0.1899999999999995,1.47,167405.28,219623.791,5.009
212,600233.SH,20191021,12.17,13.12,11.99,12.92,12.16,0.7599999999999998,6.25,187906.64,239073.811,5.009
213,600233.SH,20191018,12.36,12.43,12.07,12.16,12.31,-0.15000000000000036,-1.22,78595.83,97402.523,5.009
214,600233.SH,20191017,12.37,12.57,12.14,12.31,12.31,0.0,0.0,90280.38,112255.234,5.009
215,600233.SH,20191016,12.33,12.63,12.1,12.31,12.14,0.16999999999999993,1.4,161601.84,202178.188,5.009
216,600233.SH,20191015,11.83,12.27,11.79,12.14,11.89,0.25,2.1,120507.96,146256.204,5.009
217,600233.SH,20191014,11.98,12.04,11.86,11.89,11.72,0.16999999999999993,1.45,71708.27,86405.938,5.009
218,600233.SH,20191011,11.7,11.84,11.59,11.72,11.65,0.07000000000000028,0.6,61755.59,73164.765,5.009
219,600233.SH,20191010,11.68,11.84,11.61,11.65,11.78,-0.129999999999999,-1.1,58715.81,69224.274,5.009
220,600233.SH,20191009,11.5,11.84,11.37,11.78,11.52,0.2599999999999998,2.26,75426.21,88408.513,5.009
221,600233.SH,20191008,11.39,11.65,11.39,11.52,11.39,0.129999999999999,1.14,51529.5,59950.021,5.009
222,600233.SH,20190930,11.28,11.6,11.28,11.39,11.28,0.11000000000000121,0.98,68912.28,79738.695,5.009
223,600233.SH,20190927,11.17,11.38,11.12,11.28,11.18,0.09999999999999964,0.89,53206.31,60435.23,5.009
224,600233.SH,20190926,11.24,11.33,11.1,11.18,11.25,-0.07000000000000028,-0.62,39420.73,44605.958,5.009
225,600233.SH,20190925,11.38,11.42,11.1,11.25,11.48,-0.23000000000000043,-2.0,64515.97,73180.622,5.009
226,600233.SH,20190924,11.61,11.73,11.44,11.48,11.75,-0.2699999999999996,-2.3,85026.33,99420.493,5.009
227,600233.SH,20190923,12.11,12.12,11.53,11.75,12.36,-0.6099999999999994,-4.94,133493.46,159118.693,5.009
228,600233.SH,20190920,12.12,12.39,11.91,12.36,12.04,0.3200000000000003,2.66,115467.57,142528.25,5.009
229,600233.SH,20190919,12.28,12.33,11.85,12.04,12.18,-0.14000000000000057,-1.15,90869.46,110740.207,5.009
230,600233.SH,20190918,12.02,12.3,12.02,12.18,12.02,0.16000000000000014,1.33,67661.2,83327.953,5.009
231,600233.SH,20190917,12.03,12.23,11.95,12.02,12.15,-0.13000000000000078,-1.07,92275.78,112765.113,5.009
232,600233.SH,20190916,12.21,12.5,12.05,12.15,12.09,0.0600000000000005,0.5,98738.16,121861.692,5.009
233,600233.SH,20190912,12.12,12.3,11.95,12.09,12.13,-0.040000000000000924,-0.33,56445.41,69011.265,5.009
234,600233.SH,20190911,12.18,12.31,12.03,12.13,12.13,0.0,0.0,92308.76,113442.378,5.009
235,600233.SH,20190910,11.61,12.22,11.5,12.13,11.59,0.5400000000000009,4.66,192123.25,233010.704,5.009
236,600233.SH,20190909,11.45,11.71,11.36,11.59,11.32,0.2699999999999996,2.39,127791.71,149103.529,5.009
237,600233.SH,20190906,11.34,11.43,11.23,11.32,11.34,-0.019999999999999574,-0.18,88869.68,101578.646,5.009
238,600233.SH,20190905,11.09,11.53,11.09,11.34,11.06,0.27999999999999936,2.53,155128.35,177963.859,5.009
239,600233.SH,20190904,10.99,11.09,10.94,11.06,10.99,0.07000000000000028,0.64,75168.3,83602.725,5.009
240,600233.SH,20190903,11.03,11.03,10.94,10.99,11.03,-0.03999999999999915,-0.36,60784.16,67431.169,5.009
241,600233.SH,20190902,10.99,11.08,10.86,11.03,10.98,0.049999999999998934,0.46,101641.83,112595.661,5.009
242,600233.SH,20190830,11.32,11.34,10.9,10.98,11.24,-0.2599999999999998,-2.31,83240.08,93280.482,5.009
243,600233.SH,20190829,11.48,11.48,11.1,11.24,11.59,-0.34999999999999964,-3.02,98501.12,111951.945,5.009
244,600233.SH,20190828,11.38,11.69,11.24,11.59,11.36,0.23000000000000043,2.02,86915.06,100851.445,5.009
245,600233.SH,20190827,11.38,11.51,11.26,11.36,11.3,0.05999999999999872,0.53,58120.75,66977.954,5.009
246,600233.SH,20190826,11.23,11.4,11.13,11.3,11.54,-0.23999999999999844,-2.08,52051.91,59422.935,5.009
247,600233.SH,20190823,11.27,11.56,11.26,11.54,11.26,0.27999999999999936,2.49,57174.11,66159.502,5.009
248,600233.SH,20190822,11.38,11.41,11.23,11.26,11.26,0.0,0.0,30904.52,35253.024,5.009
249,600233.SH,20190821,11.51,11.52,11.24,11.26,11.44,-0.17999999999999972,-1.57,47609.79,54480.408,5.009
250,600233.SH,20190820,11.53,11.75,11.33,11.44,11.53,-0.08999999999999986,-0.78,70688.9,82022.58,5.009
251,600233.SH,20190819,11.05,11.55,11.02,11.53,11.02,0.5099999999999998,4.63,98765.27,112374.066,5.009
252,600233.SH,20190816,11.11,11.13,11.0,11.02,11.08,-0.0600000000000005,-0.54,52874.18,59060.701,5.009
253,600233.SH,20190815,10.94,11.18,10.78,11.08,11.13,-0.05000000000000071,-0.45,59591.3,66225.015,5.009
254,600233.SH,20190814,11.29,11.38,11.09,11.13,11.16,-0.02999999999999936,-0.27,57359.35,64780.111,5.009
255,600233.SH,20190813,11.26,11.28,11.07,11.16,11.33,-0.16999999999999993,-1.5,27776.37,31352.01,5.009
256,600233.SH,20190812,11.47,11.48,11.02,11.33,11.44,-0.10999999999999943,-0.96,54312.96,61338.126,5.009
257,600233.SH,20190809,11.67,11.72,11.4,11.44,11.64,-0.20000000000000107,-1.72,39855.49,46405.977,5.009
258,600233.SH,20190808,11.85,11.96,11.6,11.64,11.79,-0.14999999999999858,-1.27,50976.25,60348.25,5.009
259,600233.SH,20190807,11.78,12.01,11.67,11.79,11.73,0.05999999999999872,0.51,48680.14,58260.775,5.009
260,600233.SH,20190806,11.43,11.88,11.38,11.73,11.92,-0.1899999999999995,-1.59,70166.5,82677.633,5.009
261,600233.SH,20190805,12.5,12.55,11.86,11.92,12.57,-0.6500000000000004,-5.17,118139.89,144154.777,5.009
262,600233.SH,20190802,12.39,12.72,12.18,12.57,12.62,-0.049999999999998934,-0.4,88460.33,111239.976,5.009
263,600233.SH,20190801,13.03,13.06,12.52,12.62,13.18,-0.5600000000000005,-4.25,126210.62,162488.567,5.009
264,600233.SH,20190731,12.91,13.36,12.8,13.18,12.91,0.2699999999999996,2.09,129211.18,171796.768,5.009
265,600233.SH,20190730,12.57,13.05,12.52,12.91,12.6,0.3100000000000005,2.46,94076.4,121373.471,5.009
266,600233.SH,20190729,12.79,12.79,12.23,12.6,12.49,0.10999999999999943,0.88,103471.19,130716.048,5.009
267,600233.SH,20190726,12.07,12.52,12.0,12.49,12.1,0.39000000000000057,3.22,113797.83,142255.699,5.009
268,600233.SH,20190725,11.83,12.21,11.78,12.1,11.83,0.2699999999999996,2.28,68166.91,83158.43,5.009
269,600233.SH,20190724,11.69,11.92,11.63,11.83,11.7,0.13000000000000078,1.11,35779.24,42739.664,5.009
270,600233.SH,20190723,11.65,11.77,11.51,11.7,11.7,0.0,0.0,26002.0,30545.604,5.009
271,600233.SH,20190722,11.79,11.96,11.63,11.7,11.79,-0.08999999999999986,-0.76,54638.74,65018.442,5.009
272,600233.SH,20190719,11.48,11.84,11.48,11.79,11.49,0.29999999999999893,2.61,55599.89,65532.32,5.009
273,600233.SH,20190718,11.52,11.8,11.48,11.49,11.83,-0.33999999999999986,-2.87,49847.6,58045.011,5.009
274,600233.SH,20190717,11.68,11.93,11.68,11.83,11.8,0.02999999999999936,0.25,36668.53,43833.89,5.009
275,600233.SH,20190716,11.68,11.82,11.6,11.8,11.7,0.10000000000000142,0.85,28309.23,33538.757,5.009
276,600233.SH,20190715,11.76,11.8,11.39,11.7,11.76,-0.0600000000000005,-0.51,33252.95,38913.469,5.009
277,600233.SH,20190712,11.7,11.77,11.63,11.76,11.7,0.0600000000000005,0.51,30016.68,35537.928,5.009
278,600233.SH,20190711,11.82,11.91,11.68,11.7,11.8,-0.10000000000000142,-0.85,32752.58,38950.224,5.009
279,600233.SH,20190710,11.98,12.02,11.71,11.8,11.97,-0.16999999999999993,-1.42,38088.76,45472.796,5.009
280,600233.SH,20190709,11.88,12.0,11.76,11.97,12.01,-0.03999999999999915,-0.33,36270.63,43558.322,5.009
281,600233.SH,20190708,12.28,12.31,11.9,12.01,12.35,-0.33999999999999986,-2.75,45652.2,55644.389,5.009
282,600233.SH,20190705,12.37,12.5,12.22,12.35,12.26,0.08999999999999986,0.73,57108.67,71238.023,5.009
283,600233.SH,20190704,12.45,12.62,12.1,12.26,12.45,-0.1899999999999995,-1.53,54156.96,67654.204,5.009
284,600233.SH,20190703,12.67,12.73,12.27,12.45,12.62,-0.16999999999999993,-1.35,36376.41,45939.096,5.009
285,600233.SH,20190702,12.67,12.71,12.45,12.62,12.67,-0.05000000000000071,-0.39,66396.47,84336.972,5.009
286,600233.SH,20190701,12.32,12.72,12.29,12.67,12.2,0.47000000000000064,3.85,69348.15,87984.902,5.009
287,600233.SH,20190628,12.45,12.57,12.06,12.2,12.45,-0.25,-2.01,37056.02,45832.7,5.009
288,600233.SH,20190627,12.26,12.53,12.24,12.45,12.2,0.25,2.05,43195.41,54258.349,5.009
289,600233.SH,20190626,12.17,12.36,12.04,12.2,12.24,-0.040000000000000924,-0.33,51821.22,63871.872,5.009
290,600233.SH,20190625,12.34,12.44,12.1,12.24,12.41,-0.16999999999999993,-1.37,18278.35,22628.985,5.009
291,600233.SH,20190624,12.49,12.49,12.27,12.41,12.43,-0.019999999999999574,-0.16,28689.7,35865.517,5.009
292,600233.SH,20190621,12.56,12.61,12.23,12.43,12.42,0.009999999999999787,0.08,40909.15,51453.362,5.009
293,600233.SH,20190620,12.15,12.49,12.07,12.42,12.14,0.27999999999999936,2.31,56035.71,69771.799,5.009
294,600233.SH,20190619,12.19,12.35,12.07,12.14,12.04,0.10000000000000142,0.83,66891.01,82492.005,5.009
295,600233.SH,20190618,12.04,12.08,12.0,12.04,12.07,-0.030000000000001137,-0.25,12198.42,14826.925,5.009
296,600233.SH,20190617,12.03,12.12,11.95,12.07,11.99,0.08000000000000007,0.67,24401.38,29729.395,5.009
297,600233.SH,20190614,12.16,12.21,11.97,11.99,12.15,-0.16000000000000014,-1.32,30949.68,37659.267,5.009
298,600233.SH,20190613,12.22,12.22,12.06,12.15,12.24,-0.08999999999999986,-0.74,29835.63,36596.231,5.009
299,600233.SH,20190612,12.27,12.43,12.05,12.24,12.31,-0.07000000000000028,-0.57,28283.29,34958.753,5.009
300,600233.SH,20190611,12.05,12.47,12.05,12.31,12.05,0.2599999999999998,2.16,36423.77,45209.718,5.009
301,600233.SH,20190610,11.79,12.15,11.59,12.05,11.79,0.26000000000000156,2.21,33336.96,40389.476,5.009
302,600233.SH,20190606,11.93,11.93,11.7,11.79,11.89,-0.10000000000000142,-0.84,38850.16,46268.406,5.009
303,600233.SH,20190605,12.34,12.34,11.78,11.89,12.15,-0.2599999999999998,-2.14,60229.47,72706.684,5.009
304,600233.SH,20190604,12.47,12.56,12.0,12.15,12.91,-0.7599999999999998,-5.89,76427.79,96246.963,4.949
305,600233.SH,20190603,13.99,14.18,12.75,12.91,13.11,-0.1999999999999993,-1.53,121260.29,165887.943,4.949
306,600233.SH,20190531,12.69,13.13,12.59,13.11,12.72,0.3899999999999988,3.07,50547.8,66414.9,4.949
307,600233.SH,20190530,12.64,13.0,12.5,12.72,12.67,0.05000000000000071,0.39,44418.88,57642.168,4.949
308,600233.SH,20190529,12.4,12.91,12.27,12.67,12.32,0.34999999999999964,2.84,44266.12,57201.469,4.949
309,600233.SH,20190528,12.12,12.37,12.1,12.32,12.19,0.13000000000000078,1.07,35362.66,44367.344,4.949
310,600233.SH,20190527,11.85,12.25,11.77,12.19,11.85,0.33999999999999986,2.87,25236.29,31075.936,4.949
311,600233.SH,20190524,11.9,12.04,11.83,11.85,11.91,-0.0600000000000005,-0.5,14980.23,18246.124,4.949
312,600233.SH,20190523,12.11,12.11,11.83,11.91,12.1,-0.1899999999999995,-1.57,22350.78,27225.042,4.949
313,600233.SH,20190522,12.12,12.24,11.88,12.1,12.11,-0.009999999999999787,-0.08,31554.01,39009.313,4.949
314,600233.SH,20190521,12.03,12.27,11.86,12.11,11.98,0.129999999999999,1.09,40250.55,49751.069,4.949
315,600233.SH,20190520,11.88,12.15,11.78,11.98,11.96,0.019999999999999574,0.17,29243.54,35685.117,4.949
316,600233.SH,20190517,12.43,12.57,11.94,11.96,12.43,-0.46999999999999886,-3.78,37064.47,46099.075,4.949
317,600233.SH,20190516,12.5,12.66,12.37,12.43,12.5,-0.07000000000000028,-0.56,28776.21,36702.195,4.949
318,600233.SH,20190515,12.09,12.59,12.09,12.5,12.05,0.4499999999999993,3.73,49240.82,62287.144,4.949
319,600233.SH,20190514,12.13,12.15,11.83,12.05,12.13,-0.08000000000000007,-0.66,43246.94,53121.811,4.949
320,600233.SH,20190513,11.93,12.23,11.67,12.13,12.01,0.120000000000001,1.0,62097.26,76587.118,4.949
321,600233.SH,20190510,11.87,12.08,11.54,12.01,11.7,0.3100000000000005,2.65,42783.86,51954.732,4.949
322,600233.SH,20190509,11.56,11.91,11.56,11.7,11.81,-0.11000000000000121,-0.93,29851.75,35825.716,4.949
323,600233.SH,20190508,11.44,11.94,11.27,11.81,11.67,0.14000000000000057,1.2,75701.49,90543.024,4.949
324,600233.SH,20190507,12.17,12.17,11.52,11.67,12.17,-0.5,-4.11,80706.41,97122.651,4.949
325,600233.SH,20190506,12.61,12.61,11.72,12.17,13.02,-0.8499999999999996,-6.53,75592.05,93587.831,4.949
326,600233.SH,20190430,13.01,13.31,12.87,13.02,13.18,-0.16000000000000014,-1.21,44043.9,59070.981,4.949
327,600233.SH,20190429,12.97,13.36,12.66,13.18,12.96,0.21999999999999886,1.7,60712.73,81299.018,4.949
328,600233.SH,20190426,13.2,13.39,12.63,12.96,13.43,-0.46999999999999886,-3.5,54284.18,72402.046,4.949
329,600233.SH,20190425,13.79,13.84,12.42,13.43,13.8,-0.370000000000001,-2.68,65734.46,90981.802,4.949
330,600233.SH,20190424,13.88,14.01,13.58,13.8,13.68,0.120000000000001,0.88,96534.08,136084.267,4.949
331,600233.SH,20190423,13.98,14.22,13.65,13.68,14.26,-0.5800000000000001,-4.07,87095.11,123881.647,4.949
332,600233.SH,20190422,14.28,14.46,14.03,14.26,14.18,0.08000000000000007,0.56,110210.26,160088.094,4.949
333,600233.SH,20190419,13.76,14.4,13.76,14.18,13.64,0.5399999999999991,3.96,151714.07,218036.293,4.949
334,600233.SH,20190418,13.69,14.18,13.59,13.64,13.47,0.16999999999999993,1.26,98968.85,140439.818,4.949
335,600233.SH,20190417,13.48,13.57,13.37,13.47,13.48,-0.009999999999999787,-0.07,29843.48,41114.215,4.949
336,600233.SH,20190416,13.2,13.53,13.09,13.48,13.23,0.25,1.89,39993.43,54443.335,4.949
337,600233.SH,20190415,13.66,13.79,13.2,13.23,13.45,-0.21999999999999886,-1.64,48253.37,66699.79,4.949
338,600233.SH,20190412,13.48,13.67,13.1,13.45,13.48,-0.030000000000001137,-0.22,63217.74,86159.547,4.949
339,600233.SH,20190411,13.8,14.04,13.4,13.48,13.6,-0.11999999999999922,-0.88,68595.75,96467.623,4.949
340,600233.SH,20190410,13.81,13.81,13.46,13.6,13.76,-0.16000000000000014,-1.16,65448.02,91108.761,4.949
341,600233.SH,20190409,14.02,14.02,13.63,13.76,13.8,-0.040000000000000924,-0.29,52810.37,74459.041,4.949
342,600233.SH,20190408,13.88,14.13,13.66,13.8,13.79,0.010000000000001563,0.07,77993.38,110327.71,4.949
343,600233.SH,20190404,13.87,14.28,13.76,13.79,13.87,-0.08000000000000007,-0.58,72303.63,103238.139,4.949
344,600233.SH,20190403,13.58,13.95,13.46,13.87,13.57,0.29999999999999893,2.21,75936.71,107342.389,4.949
345,600233.SH,20190402,13.53,13.64,13.3,13.57,13.49,0.08000000000000007,0.59,83487.16,115259.892,4.949
346,600233.SH,20190401,13.17,13.74,13.17,13.49,13.1,0.39000000000000057,2.98,102068.3,141635.149,4.949
347,600233.SH,20190329,12.92,13.1,12.75,13.1,12.92,0.17999999999999972,1.39,111366.07,148104.349,4.949
348,600233.SH,20190328,12.82,13.12,12.64,12.92,12.82,0.09999999999999964,0.78,66612.12,88235.117,4.949
349,600233.SH,20190327,12.16,12.82,12.16,12.82,12.17,0.6500000000000004,5.34,107166.51,138506.944,4.949
350,600233.SH,20190326,12.59,12.63,12.03,12.17,12.59,-0.41999999999999993,-3.34,59195.82,74516.347,4.949
351,600233.SH,20190325,12.59,12.67,12.42,12.59,12.76,-0.16999999999999993,-1.33,65259.0,83815.761,4.949
352,600233.SH,20190322,12.88,12.88,12.62,12.76,12.89,-0.13000000000000078,-1.01,46328.51,60187.094,4.949
353,600233.SH,20190321,12.95,12.98,12.79,12.89,12.9,-0.009999999999999787,-0.08,62137.45,81879.532,4.949
354,600233.SH,20190320,13.06,13.12,12.83,12.9,13.15,-0.25,-1.9,75477.12,99836.459,4.949
355,600233.SH,20190319,13.15,13.37,12.91,13.15,12.76,0.39000000000000057,3.06,143807.88,193368.045,4.949
356,600233.SH,20190318,12.53,12.79,12.46,12.76,12.51,0.25,2.0,57565.25,74431.959,4.949
357,600233.SH,20190315,12.34,12.63,12.33,12.51,12.34,0.16999999999999993,1.38,56357.8,71916.843,4.949
358,600233.SH,20190314,12.71,12.77,12.22,12.34,12.89,-0.5500000000000007,-4.27,77021.49,97444.4,4.949
359,600233.SH,20190313,13.93,14.23,12.61,12.89,13.88,-0.9900000000000002,-7.13,168630.94,227129.115,4.949
360,600233.SH,20190312,13.87,14.55,13.61,13.88,13.32,0.5600000000000005,4.2,160017.15,229264.557,4.949
361,600233.SH,20190311,12.71,13.32,12.71,13.32,12.11,1.2100000000000009,9.99,154565.78,207447.007,4.949
362,600233.SH,20190308,12.93,12.93,11.94,12.11,12.98,-0.870000000000001,-6.7,86180.92,109311.336,4.949
363,600233.SH,20190307,13.18,13.24,12.74,12.98,13.19,-0.20999999999999908,-1.59,50946.41,67755.035,4.949
364,600233.SH,20190306,13.43,13.46,13.03,13.19,13.35,-0.16000000000000014,-1.2,57161.09,77021.123,4.949
365,600233.SH,20190305,13.02,13.54,12.91,13.35,13.16,0.1899999999999995,1.44,80780.56,109212.471,4.949
366,600233.SH,20190304,12.7,13.54,12.6,13.16,12.64,0.5199999999999996,4.11,120153.56,160463.892,4.949
367,600233.SH,20190301,12.66,12.89,12.43,12.64,12.67,-0.02999999999999936,-0.24,42269.06,54670.806,4.949
368,600233.SH,20190228,12.68,12.81,12.4,12.67,12.69,-0.019999999999999574,-0.16,44842.27,57961.728,4.949
369,600233.SH,20190227,12.98,13.1,12.59,12.69,13.02,-0.33000000000000007,-2.53,68518.0,89776.809,4.949
370,600233.SH,20190226,13.11,13.3,12.92,13.02,13.11,-0.08999999999999986,-0.69,51326.21,68781.688,4.949
371,600233.SH,20190225,12.9,13.22,12.71,13.11,12.67,0.4399999999999995,3.47,82359.56,109498.082,4.949
372,600233.SH,20190222,12.7,12.75,12.42,12.67,12.58,0.08999999999999986,0.72,42368.41,54613.635,4.949
373,600233.SH,20190221,12.91,12.91,12.37,12.58,12.92,-0.33999999999999986,-2.63,63717.8,82437.599,4.949
374,600233.SH,20190220,12.65,13.24,12.64,12.92,12.62,0.3000000000000007,2.38,81412.99,108152.398,4.949
375,600233.SH,20190219,12.34,12.86,12.34,12.62,12.34,0.27999999999999936,2.27,47309.66,61177.75,4.949
376,600233.SH,20190218,12.18,12.47,12.16,12.34,12.13,0.20999999999999908,1.73,42769.37,53871.671,4.949
377,600233.SH,20190215,12.35,12.35,12.01,12.13,12.41,-0.27999999999999936,-2.26,37596.59,46688.938,4.949
378,600233.SH,20190214,12.36,12.66,12.18,12.41,12.34,0.07000000000000028,0.57,55209.87,69693.488,4.949
379,600233.SH,20190213,12.42,12.43,12.09,12.34,12.43,-0.08999999999999986,-0.72,64171.72,80483.501,4.949
380,600233.SH,20190212,12.15,12.43,12.06,12.43,12.14,0.28999999999999915,2.39,36089.74,45134.362,4.949
381,600233.SH,20190211,11.74,12.32,11.72,12.14,11.74,0.40000000000000036,3.41,54072.4,66966.914,4.949
382,600233.SH,20190201,11.75,11.9,11.62,11.74,11.66,0.08000000000000007,0.69,31188.02,37560.387,4.949
383,600233.SH,20190131,11.73,11.82,11.35,11.66,11.83,-0.16999999999999993,-1.44,54396.83,64590.162,4.949
384,600233.SH,20190130,11.61,11.96,11.61,11.83,11.73,0.09999999999999964,0.85,52996.04,64223.87,4.949
385,600233.SH,20190129,12.01,12.11,11.51,11.73,12.13,-0.40000000000000036,-3.3,73731.95,88509.027,4.949
386,600233.SH,20190128,11.53,12.28,11.53,12.13,11.39,0.7400000000000002,6.5,120382.4,147783.594,4.949
387,600233.SH,20190125,11.68,12.06,11.39,11.39,11.69,-0.29999999999999893,-2.57,90572.1,108461.968,4.949
388,600233.SH,20190124,11.45,11.72,11.33,11.69,11.45,0.2400000000000002,2.1,55022.64,65306.363,4.949
389,600233.SH,20190123,11.41,11.49,11.16,11.45,11.3,0.14999999999999858,1.33,58757.56,68204.381,4.949
390,600233.SH,20190122,11.18,11.38,11.1,11.3,11.25,0.05000000000000071,0.44,69529.39,79910.111,4.949
391,600233.SH,20190121,10.68,11.41,10.68,11.25,10.67,0.5800000000000001,5.44,98560.23,112002.265,4.949
392,600233.SH,20190118,10.56,10.73,10.53,10.67,10.61,0.0600000000000005,0.57,29982.56,32620.577,4.949
393,600233.SH,20190117,10.45,10.82,10.45,10.61,10.49,0.11999999999999922,1.14,66481.36,72623.793,4.949
394,600233.SH,20190116,10.4,10.55,10.32,10.49,10.43,0.0600000000000005,0.58,30440.57,32519.887,4.949
395,600233.SH,20190115,10.41,10.44,10.25,10.43,10.41,0.019999999999999574,0.19,39801.64,42138.12,4.949
396,600233.SH,20190114,10.2,10.62,10.09,10.41,10.12,0.2900000000000009,2.87,62444.46,65807.175,4.949
397,600233.SH,20190111,9.94,10.15,9.94,10.12,9.94,0.17999999999999972,1.81,37451.02,38603.919,4.949
398,600233.SH,20190110,9.98,10.19,9.89,9.94,9.99,-0.05000000000000071,-0.5,31716.0,32554.983,4.949
399,600233.SH,20190109,9.91,10.05,9.86,9.99,9.93,0.0600000000000005,0.6,32167.36,32882.103,4.949
400,600233.SH,20190108,9.84,9.93,9.81,9.93,9.85,0.08000000000000007,0.81,25178.29,25445.137,4.949
401,600233.SH,20190107,9.84,9.88,9.76,9.85,9.78,0.07000000000000028,0.72,28124.6,28244.277,4.949
402,600233.SH,20190104,9.54,9.78,9.45,9.78,9.59,0.1899999999999995,1.98,32844.76,32507.623,4.949
403,600233.SH,20190103,9.78,9.8,9.55,9.59,9.74,-0.15000000000000036,-1.54,29646.23,29276.953,4.949
404,600233.SH,20190102,9.85,9.91,9.72,9.74,9.78,-0.03999999999999915,-0.41,17235.0,17226.389,4.949
405,600233.SH,20181228,9.84,9.88,9.75,9.78,9.82,-0.040000000000000924,-0.41,20232.11,20289.914,4.949
406,600233.SH,20181227,9.92,9.95,9.81,9.82,9.78,0.040000000000000924,0.41,29077.96,29434.333,4.949
407,600233.SH,20181226,9.86,9.94,9.77,9.78,9.88,-0.10000000000000142,-1.01,23316.93,23430.589,4.949
408,600233.SH,20181225,9.84,9.93,9.74,9.88,9.96,-0.08000000000000007,-0.8,28118.3,28206.398,4.949
409,600233.SH,20181224,9.94,10.01,9.87,9.96,9.96,0.0,0.0,19752.44,20066.145,4.949
410,600233.SH,20181221,10.02,10.05,9.86,9.96,10.01,-0.049999999999998934,-0.5,22380.54,22716.969,4.949
411,600233.SH,20181220,9.96,10.07,9.89,10.01,9.97,0.03999999999999915,0.4,29110.56,29775.64,4.949
412,600233.SH,20181219,10.05,10.16,9.97,9.97,10.02,-0.049999999999998934,-0.5,17756.35,18259.418,4.949
413,600233.SH,20181218,10.02,10.16,9.93,10.02,10.05,-0.030000000000001137,-0.3,18419.87,18874.037,4.949
414,600233.SH,20181217,9.94,10.07,9.9,10.05,9.94,0.11000000000000121,1.11,19961.13,20420.138,4.949
415,600233.SH,20181214,10.19,10.28,9.91,9.94,10.23,-0.2900000000000009,-2.83,28489.41,29365.394,4.949
416,600233.SH,20181213,10.09,10.32,10.05,10.23,10.07,0.16000000000000014,1.59,42601.96,44655.766,4.949
417,600233.SH,20181212,10.08,10.12,10.02,10.07,10.07,0.0,0.0,15581.0,16042.704,4.949
418,600233.SH,20181211,9.99,10.11,9.97,10.07,9.96,0.10999999999999943,1.1,15550.82,15967.349,4.949
419,600233.SH,20181210,10.02,10.12,9.91,9.96,10.06,-0.09999999999999964,-0.99,19783.87,20231.883,4.949
420,600233.SH,20181207,10.07,10.15,10.01,10.06,10.01,0.05000000000000071,0.5,19563.62,20170.807,4.949
421,600233.SH,20181206,10.31,10.31,9.99,10.01,10.25,-0.2400000000000002,-2.34,29660.63,30569.159,4.949
422,600233.SH,20181205,10.14,10.25,10.08,10.25,10.37,-0.11999999999999922,-1.16,24748.56,25786.148,4.949
423,600233.SH,20181204,10.09,10.44,10.07,10.37,10.13,0.23999999999999844,2.37,49290.74,51744.775,4.949
424,600233.SH,20181203,10.12,10.19,10.02,10.13,9.9,0.23000000000000043,2.32,45296.0,46880.941,4.949
425,600233.SH,20181130,9.83,9.92,9.74,9.9,9.82,0.08000000000000007,0.81,27616.07,27759.505,4.949
426,600233.SH,20181129,10.17,10.23,9.81,9.82,10.16,-0.33999999999999986,-3.35,53851.0,55049.532,4.949
427,600233.SH,20181128,10.14,10.17,9.9,10.16,10.14,0.019999999999999574,0.2,39901.36,41067.827,4.949
428,600233.SH,20181127,10.17,10.21,10.08,10.14,10.12,0.02000000000000135,0.2,20665.47,21422.747,4.949
429,600233.SH,20181126,10.27,10.43,10.08,10.12,10.27,-0.15000000000000036,-1.46,27109.41,28305.714,4.949
430,600233.SH,20181123,10.63,10.73,10.23,10.27,10.63,-0.3600000000000012,-3.39,45830.8,48630.013,4.949
431,600233.SH,20181122,10.83,10.84,10.63,10.63,10.73,-0.09999999999999964,-0.93,32179.6,35251.745,4.949
432,600233.SH,20181121,10.31,10.77,10.31,10.73,10.67,0.0600000000000005,0.56,51492.68,55554.274,4.949
433,600233.SH,20181120,10.88,10.91,10.63,10.67,10.95,-0.27999999999999936,-2.56,62270.88,68551.838,4.949
434,600233.SH,20181119,11.04,11.11,10.83,10.95,11.03,-0.08000000000000007,-0.73,66853.45,74745.504,4.949
435,600233.SH,20181116,10.92,11.16,10.76,11.03,10.76,0.2699999999999996,2.51,130867.34,146955.002,4.949
436,600233.SH,20181115,10.53,10.83,10.45,10.76,10.53,0.23000000000000043,2.18,94422.5,102742.023,4.949
437,600233.SH,20181114,10.64,10.71,10.51,10.53,10.68,-0.15000000000000036,-1.4,66513.0,72162.635,4.949
438,600233.SH,20181113,10.56,10.74,10.35,10.68,10.71,-0.030000000000001137,-0.28,86520.98,93736.923,4.949
439,600233.SH,20181112,10.66,10.83,10.57,10.71,10.58,0.13000000000000078,1.23,63745.0,69625.581,4.949
440,600233.SH,20181109,10.8,10.8,10.55,10.58,10.83,-0.25,-2.31,53682.75,58345.638,4.949
441,600233.SH,20181108,11.03,11.06,10.79,10.83,10.93,-0.09999999999999964,-0.91,51499.57,57309.13,4.949
442,600233.SH,20181107,10.95,11.03,10.86,10.93,10.95,-0.019999999999999574,-0.18,55448.01,62036.243,4.949
443,600233.SH,20181106,11.05,11.06,10.86,10.95,11.07,-0.120000000000001,-1.08,49925.39,55894.865,4.949
444,600233.SH,20181105,11.14,11.24,10.81,11.07,11.13,-0.0600000000000005,-0.54,112582.62,127024.491,4.949
445,600233.SH,20181102,10.9,11.16,10.77,11.13,10.74,0.39000000000000057,3.63,110033.14,122856.559,4.949
446,600233.SH,20181101,10.61,10.85,10.48,10.74,10.51,0.23000000000000043,2.19,96916.44,105802.863,4.949
447,600233.SH,20181031,10.35,10.55,10.28,10.51,10.37,0.14000000000000057,1.35,54248.43,57986.315,4.949
448,600233.SH,20181030,10.39,10.49,10.13,10.37,10.48,-0.11000000000000121,-1.05,59382.37,62686.473,4.949
449,600233.SH,20181029,10.82,10.82,10.42,10.48,10.8,-0.3200000000000003,-2.96,47578.35,51169.037,4.949
450,600233.SH,20181026,10.75,11.02,10.62,10.8,10.66,0.14000000000000057,1.31,83278.06,91780.685,4.949
451,600233.SH,20181025,9.96,10.66,9.79,10.66,10.41,0.25,2.4,100605.19,106416.658,4.949
452,600233.SH,20181024,10.38,10.71,10.27,10.41,10.38,0.02999999999999936,0.29,97722.92,104852.12,4.949
453,600233.SH,20181023,10.27,10.72,10.14,10.38,10.24,0.14000000000000057,1.37,109354.04,116836.265,4.949
454,600233.SH,20181022,9.97,10.52,9.97,10.24,9.88,0.35999999999999943,3.64,89318.82,93405.542,4.949
455,600233.SH,20181019,9.38,9.93,9.38,9.88,9.68,0.20000000000000107,2.07,56407.12,56313.263,4.949
456,600233.SH,20181018,10.25,10.25,9.59,9.68,10.31,-0.6300000000000008,-6.11,62518.11,62658.68,4.949
457,600233.SH,20181017,10.86,10.91,9.97,10.31,10.73,-0.41999999999999993,-3.91,87627.0,92209.888,4.949
458,600233.SH,20181016,11.94,11.95,10.7,10.73,11.89,-1.1600000000000001,-9.76,137752.25,154541.093,4.949
459,600233.SH,20181015,12.4,12.54,11.79,11.89,12.45,-0.5599999999999987,-4.5,76433.24,95682.865,4.949
460,600233.SH,20181012,12.08,12.54,11.92,12.45,12.2,0.25,2.05,67745.4,84864.118,4.949
461,600233.SH,20181011,12.03,12.37,11.54,12.2,12.65,-0.45000000000000107,-3.56,62381.67,76397.532,4.949
462,600233.SH,20181010,12.59,12.67,12.27,12.65,12.65,0.0,0.0,66409.49,84534.829,4.949
463,600233.SH,20181009,12.59,12.93,12.56,12.65,12.74,-0.08999999999999986,-0.71,58679.36,76455.507,4.949
464,600233.SH,20181008,12.71,12.74,12.31,12.74,12.88,-0.14000000000000057,-1.09,81446.31,104255.046,4.949
465,600233.SH,20180928,12.62,13.04,12.52,12.88,12.63,0.25,1.98,89731.12,117327.687,4.949
466,600233.SH,20180927,12.7,12.86,12.5,12.63,13.06,-0.4299999999999997,-3.29,111469.41,144449.802,4.949
467,600233.SH,20180926,11.98,13.08,11.89,13.06,11.92,1.1400000000000006,9.56,131158.44,165170.136,4.949
468,600233.SH,20180925,11.64,12.11,11.57,11.92,11.65,0.2699999999999996,2.32,105682.48,129003.884,4.949
469,600233.SH,20180921,11.34,11.73,11.28,11.65,11.27,0.3800000000000008,3.37,76848.22,90468.974,4.949
470,600233.SH,20180920,11.43,11.49,11.21,11.27,11.49,-0.22000000000000064,-1.91,42164.74,48803.609,4.949
471,600233.SH,20180919,11.29,11.69,11.25,11.49,11.34,0.15000000000000036,1.32,62978.54,74156.465,4.949
472,600233.SH,20180918,11.22,11.36,11.07,11.34,11.23,0.10999999999999943,0.98,37516.35,43110.339,4.949
473,600233.SH,20180917,11.26,11.39,11.17,11.23,11.36,-0.129999999999999,-1.14,17627.8,20276.793,4.949
474,600233.SH,20180914,11.34,11.49,11.29,11.36,11.42,-0.0600000000000005,-0.53,25458.27,29661.044,4.949
475,600233.SH,20180913,11.15,11.52,10.97,11.42,10.99,0.4299999999999997,3.91,38311.41,44018.125,4.949
476,600233.SH,20180912,10.86,11.05,10.83,10.99,10.86,0.13000000000000078,1.2,16793.33,18779.444,4.949
477,600233.SH,20180911,10.96,10.97,10.69,10.86,10.96,-0.10000000000000142,-0.91,30042.2,33235.071,4.949
478,600233.SH,20180910,11.26,11.37,10.93,10.96,11.33,-0.3699999999999992,-3.27,35451.16,40021.176,4.949
479,600233.SH,20180907,11.43,11.51,11.27,11.33,11.34,-0.009999999999999787,-0.09,39390.13,45895.383,4.949
480,600233.SH,20180906,11.47,11.76,11.3,11.34,11.38,-0.040000000000000924,-0.35,46597.02,54686.705,4.949
481,600233.SH,20180905,11.58,11.67,11.36,11.38,11.63,-0.25,-2.15,22878.51,26989.79,4.949
482,600233.SH,20180904,11.49,11.68,11.44,11.63,11.49,0.14000000000000057,1.22,20909.74,24750.87,4.949
483,600233.SH,20180903,11.71,11.71,11.29,11.49,11.72,-0.23000000000000043,-1.96,30400.31,35579.944,4.949
484,600233.SH,20180831,11.8,11.83,11.66,11.72,11.8,-0.08000000000000007,-0.68,19482.02,23374.483,4.949
485,600233.SH,20180830,12.07,12.13,11.72,11.8,12.05,-0.25,-2.07,31202.48,37939.32,4.949
486,600233.SH,20180829,12.23,12.26,12.03,12.05,12.25,-0.1999999999999993,-1.63,25508.88,31569.225,4.949
487,600233.SH,20180828,12.42,12.48,12.23,12.25,12.4,-0.15000000000000036,-1.21,28553.68,35908.041,4.949
488,600233.SH,20180827,12.27,12.47,12.11,12.4,12.34,0.0600000000000005,0.49,54887.81,68835.531,4.949
489,600233.SH,20180824,11.98,12.49,11.94,12.34,11.93,0.41000000000000014,3.44,39085.12,49059.058,4.949
490,600233.SH,20180823,11.82,12.05,11.73,11.93,11.82,0.10999999999999943,0.93,21366.47,26050.183,4.949
491,600233.SH,20180822,11.93,12.05,11.78,11.82,11.94,-0.11999999999999922,-1.01,12414.0,15094.351,4.949
492,600233.SH,20180821,11.84,12.02,11.73,11.94,11.84,0.09999999999999964,0.84,19536.1,23789.901,4.949
493,600233.SH,20180820,11.92,12.12,11.59,11.84,12.05,-0.21000000000000085,-1.74,17231.47,20782.768,4.949
494,600233.SH,20180817,12.17,12.39,12.03,12.05,12.13,-0.08000000000000007,-0.66,11540.41,14392.097,4.949
495,600233.SH,20180816,12.16,12.41,12.03,12.13,12.38,-0.25,-2.02,14385.91,17974.56,4.949
496,600233.SH,20180815,12.62,12.76,12.35,12.38,12.62,-0.23999999999999844,-1.9,15725.43,20095.034,4.949
497,600233.SH,20180814,12.74,12.99,12.61,12.62,12.73,-0.11000000000000121,-0.86,13399.81,17487.204,4.949
498,600233.SH,20180813,12.61,12.75,12.42,12.73,12.71,0.019999999999999574,0.16,10636.55,13709.593,4.949
499,600233.SH,20180810,12.6,12.79,12.42,12.71,12.59,0.120000000000001,0.95,15780.98,20401.896,4.949
500,600233.SH,20180809,12.32,12.61,12.15,12.59,12.34,0.25,2.03,18557.51,23676.624,4.949
501,600233.SH,20180808,12.5,12.51,12.22,12.34,12.48,-0.14000000000000057,-1.12,13995.61,17759.431,4.949
502,600233.SH,20180807,12.06,12.49,11.87,12.48,12.03,0.45000000000000107,3.74,20259.63,25278.585,4.949
503,600233.SH,20180806,12.42,12.6,11.98,12.03,12.43,-0.40000000000000036,-3.22,18268.72,22829.191,4.949
504,600233.SH,20180803,12.44,12.61,12.34,12.43,12.48,-0.05000000000000071,-0.4,12180.53,15511.941,4.949
505,600233.SH,20180802,12.81,12.92,12.16,12.48,12.91,-0.4299999999999997,-3.33,31988.19,40540.944,4.949
506,600233.SH,20180801,13.0,13.17,12.82,12.91,13.01,-0.09999999999999964,-0.77,16482.73,21902.032,4.949
507,600233.SH,20180731,12.99,13.53,12.85,13.01,12.89,0.11999999999999922,0.93,27904.11,37536.765,4.949
508,600233.SH,20180730,12.89,13.05,12.77,12.89,12.89,0.0,0.0,14186.65,18700.321,4.949
509,600233.SH,20180727,12.99,13.15,12.72,12.89,13.15,-0.2599999999999998,-1.98,21314.99,28197.64,4.949
510,600233.SH,20180726,13.04,13.25,12.92,13.15,13.09,0.0600000000000005,0.46,19556.15,26192.226,4.949
511,600233.SH,20180725,13.17,13.38,12.93,13.09,13.18,-0.08999999999999986,-0.68,25786.32,34797.079,4.949
512,600233.SH,20180724,13.02,13.49,12.88,13.18,13.04,0.14000000000000057,1.07,38172.26,51512.77,4.949
513,600233.SH,20180723,12.99,13.16,12.71,13.04,13.02,0.019999999999999574,0.15,29479.6,39045.721,4.949
514,600233.SH,20180720,13.66,13.66,12.59,13.02,13.23,-0.21000000000000085,-1.59,63910.2,84999.057,4.949
515,600233.SH,20180719,12.13,13.23,11.99,13.23,12.03,1.200000000000001,9.98,100763.92,133854.794,4.949
516,600233.SH,20180718,12.08,12.22,12.03,12.03,12.09,-0.0600000000000005,-0.5,12451.0,15398.228,4.949
517,600233.SH,20180717,12.21,12.21,12.01,12.09,12.21,-0.120000000000001,-0.98,13009.54,16087.38,4.949
518,600233.SH,20180716,12.13,12.31,12.04,12.21,12.12,0.09000000000000163,0.74,17055.08,21206.4,4.949
519,600233.SH,20180713,12.03,12.15,11.88,12.12,12.03,0.08999999999999986,0.75,16243.36,20006.273,4.949
520,600233.SH,20180712,11.81,12.05,11.71,12.03,11.81,0.21999999999999886,1.86,24032.2,29381.113,4.949
521,600233.SH,20180711,11.78,12.05,11.33,11.81,11.87,-0.05999999999999872,-0.51,30463.76,36496.84,4.949
522,600233.SH,20180710,11.86,11.95,11.71,11.87,11.86,0.009999999999999787,0.08,19146.65,23124.056,4.949
523,600233.SH,20180709,11.65,11.87,11.55,11.86,11.62,0.2400000000000002,2.07,23644.81,28386.081,4.949
524,600233.SH,20180706,11.59,11.84,11.27,11.62,11.64,-0.02000000000000135,-0.17,25393.01,30095.344,4.949
525,600233.SH,20180705,12.4,12.43,11.62,11.64,12.37,-0.7299999999999986,-5.9,29256.94,35750.762,4.949
526,600233.SH,20180704,12.57,12.58,12.3,12.37,12.56,-0.19000000000000128,-1.51,20382.0,25873.924,4.949
527,600233.SH,20180703,12.65,12.65,12.38,12.56,12.65,-0.08999999999999986,-0.71,25227.5,32289.969,4.949
528,600233.SH,20180702,12.91,12.98,12.53,12.65,12.91,-0.2599999999999998,-2.01,19926.1,25884.126,4.949
529,600233.SH,20180629,12.48,13.01,12.42,12.91,12.56,0.34999999999999964,2.79,27953.99,36371.424,4.949
530,600233.SH,20180628,12.86,12.86,12.52,12.56,12.69,-0.129999999999999,-1.02,17380.63,22486.136,4.949
531,600233.SH,20180627,12.86,12.96,12.67,12.69,12.84,-0.15000000000000036,-1.17,24468.71,31880.457,4.949
532,600233.SH,20180626,12.61,12.88,12.47,12.84,12.76,0.08000000000000007,0.63,19026.3,24717.217,4.949
533,600233.SH,20180625,12.81,13.05,12.71,12.76,12.73,0.02999999999999936,0.24,19164.42,25150.356,4.949
534,600233.SH,20180622,12.91,13.03,12.42,12.73,12.79,-0.05999999999999872,-0.47,34362.98,44962.14,4.949
535,600233.SH,20180621,13.13,13.4,12.76,12.79,13.31,-0.5200000000000014,-3.91,39685.24,52816.175,4.949
536,600233.SH,20180620,13.3,13.48,12.73,13.31,13.3,0.009999999999999787,0.08,37719.04,51064.735,4.949
537,600233.SH,20180619,14.23,14.23,13.3,13.3,14.78,-1.4799999999999986,-10.01,93090.17,128230.172,4.949
538,600233.SH,20180615,15.16,15.34,14.67,14.78,15.25,-0.47000000000000064,-3.08,41216.1,62759.239,4.949
539,600233.SH,20180614,15.22,15.5,15.15,15.25,15.37,-0.11999999999999922,-0.78,25394.2,39708.903,4.949
540,600233.SH,20180613,15.9,15.9,15.36,15.37,15.86,-0.4900000000000002,-3.09,32508.63,51524.594,4.949
541,600233.SH,20180612,15.84,16.01,15.49,15.86,15.94,-0.08000000000000007,-0.5,39815.75,64459.681,4.916
542,600233.SH,20180611,16.13,16.18,15.77,15.94,16.18,-0.2400000000000002,-1.48,42215.37,69538.899,4.916
543,600233.SH,20180608,16.16,16.19,15.65,16.18,15.99,0.1899999999999995,1.19,61854.76,101508.149,4.916
544,600233.SH,20180607,16.71,16.76,15.96,15.99,16.3,-0.3100000000000005,-1.9,93652.15,157027.096,4.916
545,600233.SH,20180606,15.43,16.32,15.43,16.3,15.2,1.1000000000000014,7.24,124767.01,202965.352,4.916
546,600233.SH,20180605,15.06,15.23,14.91,15.2,15.17,0.02999999999999936,0.2,45557.35,70643.057,4.916
547,600233.SH,20180604,15.61,15.66,14.91,15.17,15.67,-0.5,-3.19,64785.0,101462.133,4.916
548,600233.SH,20180601,16.06,16.37,15.54,15.67,15.87,-0.1999999999999993,-1.26,84001.27,138000.165,4.916
549,600233.SH,20180531,15.06,16.08,14.86,15.87,15.09,0.7799999999999994,5.17,105043.28,168034.471,4.916
550,600233.SH,20180530,14.63,15.6,14.63,15.09,14.57,0.5199999999999996,3.57,72583.04,113035.077,4.916
551,600233.SH,20180529,14.47,14.71,14.47,14.57,14.56,0.009999999999999787,0.07,13502.6,20323.11,4.916
552,600233.SH,20180528,14.7,14.78,14.51,14.56,14.71,-0.15000000000000036,-1.02,17918.38,26903.24,4.916
553,600233.SH,20180525,14.84,14.92,14.64,14.71,14.84,-0.129999999999999,-0.88,17000.54,25739.733,4.916
554,600233.SH,20180524,14.75,14.94,14.75,14.84,14.83,0.009999999999999787,0.07,14675.9,22410.27,4.916
555,600233.SH,20180523,15.06,15.09,14.81,14.83,15.01,-0.17999999999999972,-1.2,19434.1,29938.223,4.916
556,600233.SH,20180522,15.01,15.13,14.88,15.01,14.94,0.07000000000000028,0.47,21041.78,32453.103,4.916
557,600233.SH,20180521,14.76,15.01,14.72,14.94,14.78,0.16000000000000014,1.08,22229.22,34125.447,4.916
558,600233.SH,20180518,14.72,14.8,14.62,14.78,14.82,-0.040000000000000924,-0.27,18876.52,28620.765,4.916
559,600233.SH,20180517,14.94,15.07,14.77,14.82,14.82,0.0,0.0,22968.56,35265.163,4.916
560,600233.SH,20180516,14.81,14.9,14.68,14.82,14.81,0.009999999999999787,0.07,17319.75,26413.184,4.916
561,600233.SH,20180515,14.59,14.85,14.52,14.81,14.59,0.22000000000000064,1.51,33007.93,49816.433,4.916
562,600233.SH,20180514,14.9,14.9,14.52,14.59,14.78,-0.1899999999999995,-1.29,25992.68,39350.997,4.916
563,600233.SH,20180511,14.96,14.97,14.68,14.78,14.96,-0.1800000000000015,-1.2,15871.28,24183.991,4.916
564,600233.SH,20180510,15.02,15.15,14.88,14.96,15.02,-0.05999999999999872,-0.4,16931.88,26041.26,4.916
565,600233.SH,20180509,15.23,15.25,14.88,15.02,15.15,-0.13000000000000078,-0.86,19442.56,30032.282,4.916
566,600233.SH,20180508,14.84,15.35,14.77,15.15,14.82,0.33000000000000007,2.23,35438.73,55164.465,4.916
567,600233.SH,20180507,14.86,14.87,14.68,14.82,14.72,0.09999999999999964,0.68,23835.72,36358.626,4.916
568,600233.SH,20180504,14.82,14.91,14.72,14.72,14.88,-0.16000000000000014,-1.08,14153.86,21531.547,4.916
569,600233.SH,20180503,14.88,14.92,14.59,14.88,14.79,0.09000000000000163,0.61,20370.2,31028.909,4.916
570,600233.SH,20180502,14.54,14.81,14.54,14.79,14.58,0.20999999999999908,1.44,28283.28,42948.414,4.916
571,600233.SH,20180427,14.44,14.63,14.33,14.58,14.42,0.16000000000000014,1.11,18755.19,27928.305,4.916
572,600233.SH,20180426,14.55,14.57,14.38,14.42,14.56,-0.14000000000000057,-0.96,17550.93,26115.419,4.916
573,600233.SH,20180425,14.71,14.71,14.31,14.56,14.71,-0.15000000000000036,-1.02,35379.0,52591.602,4.916
574,600233.SH,20180424,14.42,14.75,14.42,14.71,14.48,0.23000000000000043,1.59,14464.58,21849.483,4.916
575,600233.SH,20180423,14.67,14.8,14.42,14.48,14.66,-0.17999999999999972,-1.23,18764.68,28075.771,4.916
576,600233.SH,20180420,14.94,14.94,14.61,14.66,15.08,-0.41999999999999993,-2.79,29630.5,44900.978,4.916
577,600233.SH,20180419,14.89,15.69,14.72,15.08,14.84,0.2400000000000002,1.62,28887.5,45476.785,4.916
578,600233.SH,20180418,14.83,14.91,14.67,14.84,14.73,0.10999999999999943,0.75,13073.27,19883.975,4.916
579,600233.SH,20180417,15.14,15.23,14.69,14.73,15.14,-0.41000000000000014,-2.71,24526.32,37525.082,4.916
580,600233.SH,20180416,15.32,15.38,15.08,15.14,15.28,-0.1399999999999988,-0.92,14321.32,22400.252,4.916
581,600233.SH,20180413,15.29,15.48,15.25,15.28,15.29,-0.009999999999999787,-0.07,16161.33,25450.187,4.916
582,600233.SH,20180412,15.6,15.63,15.16,15.29,15.62,-0.33000000000000007,-2.11,24607.55,38827.047,4.916
583,600233.SH,20180411,15.61,15.78,15.54,15.62,15.59,0.02999999999999936,0.19,19848.73,32004.073,4.916
584,600233.SH,20180410,15.49,15.71,15.44,15.59,15.49,0.09999999999999964,0.65,16428.51,26304.506,4.916
585,600233.SH,20180409,15.39,15.54,15.21,15.49,15.39,0.09999999999999964,0.65,17974.27,28579.988,4.916
586,600233.SH,20180404,15.46,15.59,15.33,15.39,15.45,-0.05999999999999872,-0.39,17177.94,27292.559,4.916
587,600233.SH,20180403,15.55,15.58,15.28,15.45,15.82,-0.370000000000001,-2.34,37261.58,59245.98,4.916
588,600233.SH,20180402,15.93,15.98,15.7,15.82,15.93,-0.10999999999999943,-0.69,35372.83,57638.211,4.916
589,600233.SH,20180330,15.69,15.98,15.55,15.93,15.69,0.2400000000000002,1.53,35171.45,57143.726,4.916
590,600233.SH,20180329,15.51,15.77,15.4,15.69,15.43,0.2599999999999998,1.69,34880.77,56055.24,4.916
591,600233.SH,20180328,15.27,15.82,15.27,15.43,15.64,-0.21000000000000085,-1.34,52298.98,83783.371,4.916
592,600233.SH,20180327,15.57,15.79,15.51,15.64,15.27,0.370000000000001,2.42,43851.11,70659.41,4.916
593,600233.SH,20180326,15.21,15.48,14.58,15.27,15.4,-0.13000000000000078,-0.84,65699.67,102400.209,4.916
594,600233.SH,20180323,16.03,16.18,15.15,15.4,16.58,-1.179999999999998,-7.12,63541.52,102023.817,4.916
595,600233.SH,20180322,16.91,17.17,16.45,16.58,16.94,-0.360000000000003,-2.13,36742.95,63034.406,4.916
596,600233.SH,20180321,17.62,17.67,16.9,16.94,17.58,-0.639999999999997,-3.64,46987.36,83536.363,4.916
597,600233.SH,20180320,17.19,17.84,17.0,17.58,17.27,0.3099999999999987,1.8,69466.99,124730.188,4.916
598,600233.SH,20180319,17.04,17.43,16.76,17.27,17.05,0.21999999999999886,1.29,42079.2,74283.692,4.916
599,600233.SH,20180316,17.08,17.38,17.03,17.05,17.05,0.0,0.0,29850.31,52770.709,4.916
600,600233.SH,20180315,17.21,17.51,16.83,17.05,17.24,-0.18999999999999773,-1.1,39293.57,69307.342,4.916
601,600233.SH,20180314,17.1,17.5,16.95,17.24,17.23,0.00999999999999801,0.06,45313.61,80563.934,4.916
602,600233.SH,20180313,17.63,17.65,17.1,17.23,17.68,-0.4499999999999993,-2.55,71091.19,127085.283,4.916
603,600233.SH,20180312,17.82,17.94,17.5,17.68,17.82,-0.14000000000000057,-0.79,65979.79,120078.045,4.916
604,600233.SH,20180309,17.78,18.14,17.49,17.82,17.88,-0.05999999999999872,-0.34,85145.82,155542.672,4.916
605,600233.SH,20180308,16.9,18.23,16.9,17.88,16.83,1.0500000000000007,6.24,132823.36,240908.551,4.916
606,600233.SH,20180307,16.27,17.05,16.27,16.83,16.21,0.6199999999999974,3.82,89421.26,154256.956,4.916
607,600233.SH,20180306,15.4,16.63,15.35,16.21,15.33,0.8800000000000008,5.74,78012.32,128237.161,4.916
608,600233.SH,20180305,15.4,15.49,15.23,15.33,15.22,0.10999999999999943,0.72,21443.85,33833.712,4.916
609,600233.SH,20180302,15.15,15.29,15.09,15.22,15.25,-0.02999999999999936,-0.2,17440.19,27284.19,4.916
610,600233.SH,20180301,15.06,15.3,14.91,15.25,15.09,0.16000000000000014,1.06,27843.83,43444.556,4.916
611,600233.SH,20180228,15.03,15.31,14.7,15.09,15.14,-0.05000000000000071,-0.33,29387.31,45499.166,4.916
612,600233.SH,20180227,15.4,15.41,15.07,15.14,14.97,0.16999999999999993,1.14,38336.13,60005.951,4.916
613,600233.SH,20180226,14.49,15.49,14.49,14.97,14.38,0.5899999999999999,4.1,41157.22,63761.835,4.916
614,600233.SH,20180223,14.39,14.45,14.33,14.38,14.39,-0.009999999999999787,-0.07,12991.43,19224.506,4.916
615,600233.SH,20180222,14.25,14.52,14.25,14.39,14.19,0.20000000000000107,1.41,12456.7,18444.032,4.916
616,600233.SH,20180214,14.15,14.32,14.1,14.19,14.16,0.02999999999999936,0.21,9110.09,13311.829,4.916
617,600233.SH,20180213,14.23,14.48,14.1,14.16,14.1,0.0600000000000005,0.43,15340.0,22549.223,4.916
618,600233.SH,20180212,13.8,14.38,13.79,14.1,13.73,0.3699999999999992,2.69,18978.2,27589.718,4.916
619,600233.SH,20180209,14.08,14.08,13.69,13.73,14.29,-0.5599999999999987,-3.92,22968.9,32731.718,4.916
620,600233.SH,20180208,14.15,14.36,14.15,14.29,14.3,-0.010000000000001563,-0.07,14186.54,20846.044,4.916
621,600233.SH,20180207,14.38,14.57,13.91,14.3,14.28,0.02000000000000135,0.14,22705.29,33434.821,4.916
622,600233.SH,20180206,14.27,15.25,14.13,14.28,14.56,-0.28000000000000114,-1.92,28490.9,42519.513,4.916
623,600233.SH,20180205,14.86,14.86,14.4,14.56,14.98,-0.41999999999999993,-2.8,32370.22,48436.826,4.916
624,600233.SH,20180202,15.35,15.35,14.84,14.98,15.31,-0.33000000000000007,-2.16,19261.75,29840.726,4.916
625,600233.SH,20180201,15.71,15.87,14.28,15.31,15.71,-0.40000000000000036,-2.55,63224.09,97709.617,4.916
626,600233.SH,20180131,16.11,16.11,15.64,15.71,16.11,-0.3999999999999986,-2.48,24698.12,40252.872,4.916
627,600233.SH,20180130,16.03,16.12,15.98,16.11,16.03,0.0799999999999983,0.5,12287.28,20301.149,4.916
628,600233.SH,20180129,16.13,16.18,15.98,16.03,16.2,-0.16999999999999815,-1.05,21812.22,36066.86,4.916
629,600233.SH,20180126,16.27,16.27,16.13,16.2,16.28,-0.08000000000000185,-0.49,16043.18,26768.13,4.916
630,600233.SH,20180125,16.44,16.6,16.26,16.28,16.42,-0.14000000000000057,-0.85,28653.28,48300.928,4.916
631,600233.SH,20180124,16.44,16.44,16.29,16.42,16.44,-0.019999999999999574,-0.12,23600.4,39724.122,4.916
632,600233.SH,20180123,16.24,16.52,16.22,16.44,16.23,0.21000000000000085,1.29,25640.58,43234.394,4.916
633,600233.SH,20180122,16.22,16.26,15.99,16.23,16.2,0.030000000000001137,0.19,17473.04,29069.664,4.916
634,600233.SH,20180119,16.32,16.37,16.19,16.2,16.21,-0.010000000000001563,-0.06,16580.1,27729.525,4.916
635,600233.SH,20180118,16.15,16.4,16.13,16.21,16.13,0.08000000000000185,0.5,16961.35,28373.364,4.916
636,600233.SH,20180117,16.24,16.32,15.91,16.13,16.24,-0.10999999999999943,-0.68,26400.72,43613.177,4.916
637,600233.SH,20180116,16.33,16.34,16.14,16.24,16.34,-0.10000000000000142,-0.61,27404.06,45720.516,4.916
638,600233.SH,20180115,16.4,16.62,16.33,16.34,16.4,-0.05999999999999872,-0.37,20627.9,34911.134,4.916
639,600233.SH,20180112,16.4,16.55,16.36,16.4,16.48,-0.08000000000000185,-0.49,17229.82,29101.636,4.916
640,600233.SH,20180111,16.48,16.65,16.33,16.48,16.54,-0.05999999999999872,-0.36,20626.97,34937.429,4.916
641,600233.SH,20180110,16.71,16.78,16.51,16.54,16.7,-0.16000000000000014,-0.96,22836.25,38953.436,4.916
642,600233.SH,20180109,16.86,16.93,16.66,16.7,16.86,-0.16000000000000014,-0.95,22685.85,39098.029,4.916
643,600233.SH,20180108,16.8,17.13,16.8,16.86,16.77,0.08999999999999986,0.54,24630.43,42864.56,4.916
644,600233.SH,20180105,17.0,17.0,16.71,16.77,17.06,-0.28999999999999915,-1.7,30842.96,53364.322,4.916
645,600233.SH,20180104,16.75,17.38,16.6,17.06,16.75,0.3099999999999987,1.85,48765.09,85902.7,4.916
646,600233.SH,20180103,16.5,16.9,16.38,16.75,16.46,0.28999999999999915,1.76,37470.0,64425.281,4.916
647,600233.SH,20180102,16.27,16.5,16.27,16.46,16.27,0.19000000000000128,1.17,22339.74,37733.596,4.916
648,600233.SH,20171229,16.12,16.33,16.12,16.27,16.14,0.129999999999999,0.81,14884.14,24906.48,4.916
649,600233.SH,20171228,16.26,16.29,16.04,16.14,16.26,-0.120000000000001,-0.74,20132.34,33481.642,4.916
650,600233.SH,20171227,16.4,16.5,16.25,16.26,16.45,-0.18999999999999773,-1.16,16526.0,27763.664,4.916
651,600233.SH,20171226,16.27,16.62,16.13,16.45,16.27,0.17999999999999972,1.11,23718.24,40190.3,4.916
652,600233.SH,20171225,16.32,16.42,16.08,16.27,16.32,-0.05000000000000071,-0.31,16381.0,27528.684,4.916
653,600233.SH,20171222,16.31,16.46,16.29,16.32,16.35,-0.030000000000001137,-0.18,14371.47,24216.103,4.916
654,600233.SH,20171221,16.42,16.48,16.24,16.35,16.45,-0.09999999999999787,-0.61,19907.02,33475.738,4.916
655,600233.SH,20171220,16.58,16.58,16.43,16.45,16.55,-0.10000000000000142,-0.6,14361.2,24338.13,4.916
656,600233.SH,20171219,16.37,16.6,16.37,16.55,16.47,0.08000000000000185,0.49,13170.38,22405.993,4.916
657,600233.SH,20171218,16.64,16.64,16.4,16.47,16.54,-0.07000000000000028,-0.42,14665.91,24868.226,4.916
658,600233.SH,20171215,16.58,16.65,16.51,16.54,16.57,-0.030000000000001137,-0.18,17477.0,29773.636,4.916
659,600233.SH,20171214,16.67,16.71,16.54,16.57,16.7,-0.129999999999999,-0.78,16304.91,27827.953,4.916
660,600233.SH,20171213,16.7,16.75,16.53,16.7,16.7,0.0,0.0,18016.12,30851.487,4.916
661,600233.SH,20171212,16.9,16.98,16.68,16.7,16.89,-0.19000000000000128,-1.12,16398.23,28334.071,4.916
662,600233.SH,20171211,16.8,17.0,16.79,16.89,16.79,0.10000000000000142,0.6,24225.24,42181.276,4.916
663,600233.SH,20171208,16.64,16.87,16.56,16.79,16.64,0.14999999999999858,0.9,17854.0,30808.66,4.916
664,600233.SH,20171207,16.78,16.82,16.62,16.64,16.78,-0.14000000000000057,-0.83,14370.79,24702.951,4.916
665,600233.SH,20171206,16.75,16.78,16.52,16.78,16.66,0.120000000000001,0.72,16199.52,27723.817,4.916
666,600233.SH,20171205,17.1,17.1,16.53,16.66,16.97,-0.3099999999999987,-1.83,24550.08,42202.137,4.916
667,600233.SH,20171204,17.41,17.41,16.9,16.97,17.41,-0.4400000000000013,-2.53,25265.86,44519.667,4.916
668,600233.SH,20171201,17.39,17.49,17.26,17.41,17.41,0.0,0.0,17881.61,32049.064,4.916
669,600233.SH,20171130,17.45,17.69,17.31,17.41,17.4,0.010000000000001563,0.06,26573.06,47842.744,4.916
670,600233.SH,20171129,17.56,17.66,17.29,17.4,17.56,-0.16000000000000014,-0.91,42844.59,76776.639,4.916
671,600233.SH,20171128,16.52,17.73,16.52,17.56,16.47,1.0899999999999999,6.62,79386.45,141167.876,4.916
672,600233.SH,20171127,16.36,16.57,16.36,16.47,16.34,0.129999999999999,0.8,29392.84,49815.266,4.916
673,600233.SH,20171124,16.6,16.6,16.3,16.34,16.64,-0.3000000000000007,-1.8,39042.23,66000.34,4.916
674,600233.SH,20171123,17.18,17.18,16.62,16.64,17.24,-0.5999999999999979,-3.48,46713.45,80914.985,4.916
675,600233.SH,20171122,17.46,17.49,17.15,17.24,17.46,-0.22000000000000242,-1.26,36764.8,65419.902,4.916
676,600233.SH,20171121,17.6,17.69,17.39,17.46,17.59,-0.129999999999999,-0.74,37623.0,67794.484,4.916
677,600233.SH,20171120,17.03,17.63,16.72,17.59,17.34,0.25,1.44,55729.33,98136.505,4.916
678,600233.SH,20171117,18.0,18.12,17.29,17.34,18.0,-0.6600000000000001,-3.67,66941.08,120603.464,4.916
679,600233.SH,20171116,18.21,18.33,17.98,18.0,18.2,-0.1999999999999993,-1.1,39430.0,73645.699,4.916
680,600233.SH,20171115,18.28,18.56,17.93,18.2,18.35,-0.15000000000000213,-0.82,49688.15,93503.009,4.916
681,600233.SH,20171114,19.16,19.16,18.26,18.35,19.26,-0.9100000000000001,-4.72,95123.55,181263.626,4.916
682,600233.SH,20171113,20.35,20.4,19.23,19.26,20.28,-1.0199999999999996,-5.03,121516.76,243928.528,4.916
683,600233.SH,20171110,20.22,20.38,19.82,20.28,20.22,0.060000000000002274,0.3,68960.07,142797.968,4.916
684,600233.SH,20171109,20.5,20.69,19.93,20.22,20.56,-0.33999999999999986,-1.65,84665.8,176464.986,4.916
685,600233.SH,20171108,20.85,20.85,20.5,20.56,20.86,-0.3000000000000007,-1.44,61721.29,131043.267,4.916
686,600233.SH,20171107,20.97,21.08,20.59,20.86,20.96,-0.10000000000000142,-0.48,56581.32,121025.019,4.916
687,600233.SH,20171106,20.73,21.06,20.4,20.96,20.57,0.39000000000000057,1.9,75681.06,161864.164,4.916
688,600233.SH,20171103,21.12,21.22,20.4,20.57,21.12,-0.5500000000000007,-2.6,70359.18,149670.285,4.916
689,600233.SH,20171102,21.01,21.19,20.77,21.12,21.0,0.120000000000001,0.57,65553.47,141909.687,4.916
690,600233.SH,20171101,20.88,21.32,20.65,21.0,20.86,0.14000000000000057,0.67,89317.14,193110.433,4.916
691,600233.SH,20171031,20.09,20.88,19.99,20.86,20.09,0.7699999999999996,3.83,94148.79,198817.022,4.916
692,600233.SH,20171030,20.77,20.88,19.49,20.09,20.78,-0.6900000000000013,-3.32,81430.24,168513.508,4.916
693,600233.SH,20171027,21.02,21.08,20.62,20.78,21.0,-0.21999999999999886,-1.05,66885.63,143007.043,4.916
694,600233.SH,20171026,20.76,21.13,20.67,21.0,20.89,0.10999999999999943,0.53,60628.46,130967.986,4.916
695,600233.SH,20171025,20.92,21.18,20.54,20.89,20.92,-0.030000000000001137,-0.14,57450.34,123321.843,4.916
696,600233.SH,20171024,21.45,21.5,20.62,20.92,21.64,-0.7199999999999989,-3.33,110385.13,238984.822,4.916
697,600233.SH,20171023,21.82,21.83,21.32,21.64,21.81,-0.16999999999999815,-0.78,104840.26,232212.312,4.916
698,600233.SH,20171020,21.25,21.89,21.19,21.81,21.23,0.5799999999999983,2.73,131515.32,292169.258,4.916
699,600233.SH,20171019,21.33,21.63,21.08,21.23,21.28,-0.05000000000000071,-0.23,75674.64,166218.695,4.916
700,600233.SH,20171018,21.56,21.61,21.13,21.28,21.74,-0.4599999999999973,-2.12,82722.35,181570.745,4.916
701,600233.SH,20171017,21.27,22.11,20.99,21.74,21.09,0.6499999999999986,3.08,129678.57,287928.652,4.916
702,600233.SH,20171016,21.95,21.95,20.98,21.09,21.89,-0.8000000000000007,-3.65,100888.69,221911.387,4.916
703,600233.SH,20171013,21.87,22.0,21.66,21.89,21.99,-0.09999999999999787,-0.45,86116.2,193489.466,4.916
704,600233.SH,20171012,22.01,22.43,21.47,21.99,22.03,-0.0400000000000027,-0.18,145106.36,327520.989,4.916
705,600233.SH,20171011,22.26,22.83,21.8,22.03,21.62,0.41000000000000014,1.9,204422.05,467669.495,4.916
706,600233.SH,20171010,21.41,22.15,21.27,21.62,21.41,0.21000000000000085,0.98,124178.46,277848.803,4.916
707,600233.SH,20171009,21.76,21.88,21.03,21.41,21.46,-0.05000000000000071,-0.23,144320.78,319102.647,4.916
708,600233.SH,20170929,21.07,21.61,20.96,21.46,21.08,0.38000000000000256,1.8,143267.94,314938.706,4.916
709,600233.SH,20170928,20.51,21.44,20.28,21.08,20.62,0.4599999999999973,2.23,178210.67,383955.011,4.916
710,600233.SH,20170927,19.49,21.04,19.44,20.62,19.6,1.0199999999999996,5.2,175732.33,370054.04,4.916
711,600233.SH,20170926,19.58,19.91,19.41,19.6,19.65,-0.04999999999999716,-0.25,103752.22,209720.666,4.916
712,600233.SH,20170925,20.2,20.24,19.35,19.65,20.12,-0.4700000000000024,-2.34,154665.58,312988.493,4.916
713,600233.SH,20170922,20.7,21.09,19.93,20.12,21.41,-1.2899999999999991,-6.03,232359.86,491854.734,4.916
714,600233.SH,20170921,21.11,21.91,20.79,21.41,21.46,-0.05000000000000071,-0.23,302861.49,666287.793,4.916
715,600233.SH,20170920,21.17,21.66,20.41,21.46,20.17,1.2899999999999991,6.4,380442.65,825616.569,4.916
716,600233.SH,20170919,18.34,20.17,18.14,20.17,18.34,1.8300000000000018,9.98,183858.2,367717.461,4.916
717,600233.SH,20170918,17.78,18.64,17.74,18.34,17.86,0.4800000000000004,2.69,71198.64,134006.315,4.916
718,600233.SH,20170915,17.98,18.13,17.8,17.86,17.99,-0.129999999999999,-0.72,35348.23,65281.845,4.916
719,600233.SH,20170914,17.71,18.14,17.71,17.99,17.67,0.31999999999999673,1.81,56603.6,104880.252,4.916
720,600233.SH,20170913,17.7,17.79,17.6,17.67,17.67,0.0,0.0,29417.37,53518.332,4.916
721,600233.SH,20170912,18.01,18.05,17.64,17.67,18.01,-0.33999999999999986,-1.89,52009.98,95307.036,4.916
722,600233.SH,20170911,18.06,18.11,17.97,18.01,18.06,-0.04999999999999716,-0.28,29513.84,54793.608,4.916
723,600233.SH,20170908,18.05,18.18,18.03,18.06,18.11,-0.05000000000000071,-0.28,24451.59,45535.263,4.916
724,600233.SH,20170907,18.14,18.26,18.07,18.11,18.14,-0.030000000000001137,-0.17,27542.21,51399.204,4.916
725,600233.SH,20170906,18.21,18.26,18.07,18.14,18.31,-0.16999999999999815,-0.93,34329.65,64117.969,4.916
726,600233.SH,20170905,18.14,18.44,18.08,18.31,18.13,0.17999999999999972,0.99,46142.25,86806.675,4.916
727,600233.SH,20170904,18.32,18.32,18.08,18.13,18.37,-0.240000000000002,-1.31,38278.6,71700.022,4.916
728,600233.SH,20170901,18.15,18.43,18.06,18.37,18.15,0.22000000000000242,1.21,48664.38,91522.438,4.916
729,600233.SH,20170831,18.36,18.54,17.97,18.15,18.37,-0.22000000000000242,-1.2,52704.26,98558.309,4.916
730,600233.SH,20170830,18.6,18.6,18.35,18.37,18.61,-0.23999999999999844,-1.29,40946.61,77725.979,4.916
731,600233.SH,20170829,18.44,18.75,18.32,18.61,18.48,0.129999999999999,0.7,70149.45,133784.899,4.916
732,600233.SH,20170828,18.39,18.65,18.28,18.48,18.53,-0.05000000000000071,-0.27,62651.16,119096.632,4.916
733,600233.SH,20170825,18.47,18.64,18.2,18.53,18.47,0.060000000000002274,0.32,86769.61,164696.235,4.916
734,600233.SH,20170824,17.94,18.94,17.82,18.47,17.92,0.5499999999999972,3.07,88983.06,168018.185,4.916
735,600233.SH,20170823,17.76,18.13,17.64,17.92,17.77,0.15000000000000213,0.84,46061.4,85068.531,4.916
736,600233.SH,20170822,18.08,18.09,17.66,17.77,18.11,-0.33999999999999986,-1.88,45073.96,82682.767,4.916
737,600233.SH,20170821,18.21,18.29,17.99,18.11,18.2,-0.08999999999999986,-0.49,35529.85,66269.428,4.916
738,600233.SH,20170818,17.9,18.31,17.81,18.2,17.89,0.3099999999999987,1.73,88096.65,164062.248,4.916
739,600233.SH,20170817,17.53,18.03,17.53,17.89,17.62,0.2699999999999996,1.53,73530.41,135507.81,4.916
740,600233.SH,20170816,17.57,17.66,17.44,17.62,17.58,0.0400000000000027,0.23,24400.92,44120.349,4.916
741,600233.SH,20170815,17.39,17.74,17.3,17.58,17.38,0.1999999999999993,1.15,40133.16,72558.688,4.916
742,600233.SH,20170814,17.24,17.49,17.11,17.38,17.24,0.14000000000000057,0.81,33164.19,59164.457,4.916
743,600233.SH,20170811,17.62,17.62,17.2,17.24,17.62,-0.38000000000000256,-2.16,36355.5,64838.47,4.916
744,600233.SH,20170810,17.35,18.15,17.1,17.62,17.38,0.240000000000002,1.38,70384.41,127359.791,4.916
745,600233.SH,20170809,17.51,17.57,17.3,17.38,17.51,-0.13000000000000256,-0.74,29312.17,52513.256,4.916
746,600233.SH,20170808,17.61,17.65,17.48,17.51,17.6,-0.08999999999999986,-0.51,29217.51,52726.967,4.916
747,600233.SH,20170807,17.57,17.71,17.55,17.6,17.55,0.05000000000000071,0.28,25949.86,47077.968,4.916
748,600233.SH,20170804,17.58,17.62,17.51,17.55,17.59,-0.03999999999999915,-0.23,17984.59,32498.342,4.916
749,600233.SH,20170803,17.49,17.64,17.49,17.59,17.55,0.03999999999999915,0.23,19872.26,35961.186,4.916
750,600233.SH,20170802,17.69,17.77,17.53,17.55,17.7,-0.14999999999999858,-0.85,25270.0,45828.451,4.916
751,600233.SH,20170801,17.66,17.76,17.63,17.7,17.67,0.029999999999997584,0.17,19058.39,34684.98,4.916
752,600233.SH,20170731,17.7,17.84,17.6,17.67,17.73,-0.05999999999999872,-0.34,20375.0,37036.042,4.916
753,600233.SH,20170728,17.95,17.96,17.73,17.73,17.96,-0.23000000000000043,-1.28,23527.27,43105.27,4.916
754,600233.SH,20170727,17.7,18.06,17.58,17.96,17.72,0.240000000000002,1.35,37874.66,69507.998,4.916
755,600233.SH,20170726,17.59,17.74,17.56,17.72,17.59,0.129999999999999,0.74,25351.13,46069.586,4.916
756,600233.SH,20170725,17.67,17.7,17.48,17.59,17.67,-0.08000000000000185,-0.45,23579.93,42617.177,4.916
757,600233.SH,20170724,17.69,17.74,17.54,17.67,17.69,-0.019999999999999574,-0.11,26152.41,47424.79,4.916
758,600233.SH,20170721,17.86,17.94,17.67,17.69,17.85,-0.16000000000000014,-0.9,23697.44,43250.307,4.916
759,600233.SH,20170720,17.8,18.12,17.8,17.85,17.72,0.13000000000000256,0.73,40622.11,74910.259,4.916
760,600233.SH,20170719,17.82,17.99,17.58,17.72,17.79,-0.07000000000000028,-0.39,47152.92,85850.372,4.916
761,600233.SH,20170718,17.82,18.16,17.62,17.79,17.78,0.00999999999999801,0.06,29549.08,54242.899,4.916
762,600233.SH,20170717,18.78,18.78,17.48,17.78,18.79,-1.009999999999998,-5.38,47885.89,88976.299,4.916
763,600233.SH,20170714,18.55,18.97,18.38,18.79,18.53,0.259999999999998,1.4,27890.31,53588.356,4.916
764,600233.SH,20170713,18.61,18.63,18.49,18.53,18.54,-0.00999999999999801,-0.05,16351.97,31203.374,4.916
765,600233.SH,20170712,18.62,18.73,18.26,18.54,18.62,-0.08000000000000185,-0.43,28081.88,53415.334,4.916
766,600233.SH,20170711,18.84,18.96,18.55,18.62,18.82,-0.1999999999999993,-1.06,24038.05,46368.452,4.916
767,600233.SH,20170710,19.07,19.07,18.81,18.82,18.95,-0.129999999999999,-0.69,25547.16,49625.676,4.916
768,600233.SH,20170707,19.14,19.15,18.87,18.95,19.09,-0.14000000000000057,-0.73,26329.16,51313.679,4.916
769,600233.SH,20170706,19.28,19.39,19.04,19.09,19.2,-0.10999999999999943,-0.57,27433.2,54117.371,4.916
770,600233.SH,20170705,19.06,19.33,19.05,19.2,19.06,0.14000000000000057,0.73,30605.15,60502.711,4.916
771,600233.SH,20170704,19.04,19.12,18.84,19.06,18.98,0.0799999999999983,0.42,25763.02,50362.685,4.916
772,600233.SH,20170703,18.95,19.06,18.8,18.98,19.03,-0.05000000000000071,-0.26,24807.03,48277.691,4.916
773,600233.SH,20170630,18.68,19.54,18.66,19.03,18.79,0.240000000000002,1.28,55191.62,108978.959,4.916
774,600233.SH,20170629,18.87,18.94,18.75,18.79,18.76,0.029999999999997584,0.16,18541.02,35923.003,4.916
775,600233.SH,20170628,19.03,19.19,18.75,18.76,19.12,-0.35999999999999943,-1.88,35945.08,69673.417,4.916
776,600233.SH,20170627,19.18,19.38,19.04,19.12,19.04,0.08000000000000185,0.42,36488.31,72038.959,4.916
777,600233.SH,20170626,18.95,19.05,18.6,19.04,18.94,0.09999999999999787,0.53,48875.71,95797.566,4.878
778,600233.SH,20170623,19.17,19.18,18.66,18.94,19.16,-0.21999999999999886,-1.15,37665.27,73798.157,4.878
779,600233.SH,20170622,19.42,19.57,19.15,19.16,19.36,-0.1999999999999993,-1.03,45681.77,92126.185,4.878
780,600233.SH,20170621,19.44,19.52,19.24,19.36,19.35,0.00999999999999801,0.05,28596.24,57421.972,4.878
781,600233.SH,20170620,19.4,19.56,19.2,19.35,19.4,-0.04999999999999716,-0.26,34425.79,68918.244,4.878
782,600233.SH,20170619,19.05,19.63,19.05,19.4,19.05,0.34999999999999787,1.84,64917.91,130904.95,4.878
783,600233.SH,20170616,19.33,19.34,18.92,19.05,19.26,-0.21000000000000085,-1.09,43521.89,86019.551,4.878
784,600233.SH,20170615,18.71,19.28,18.61,19.26,18.56,0.7000000000000028,3.77,111237.61,220480.866,4.878
785,600233.SH,20170614,18.53,18.74,18.35,18.56,18.5,0.05999999999999872,0.32,36879.28,70867.552,4.878
786,600233.SH,20170613,18.4,18.55,18.31,18.5,18.4,0.10000000000000142,0.54,33559.44,64207.777,4.878
787,600233.SH,20170612,18.65,18.65,18.39,18.4,18.72,-0.3200000000000003,-1.71,33374.9,63993.922,4.878
788,600233.SH,20170609,18.74,18.97,18.46,18.72,18.73,-0.010000000000001563,-0.05,47857.07,92794.983,4.878
789,600233.SH,20170608,18.86,18.87,18.7,18.73,18.87,-0.14000000000000057,-0.74,35638.4,69395.792,4.878
790,600233.SH,20170607,18.55,18.92,18.42,18.87,18.54,0.33000000000000185,1.78,54818.08,106364.886,4.878
791,600233.SH,20170606,18.51,18.58,18.37,18.54,18.51,0.029999999999997584,0.16,23904.87,45843.672,4.878
792,600233.SH,20170605,18.39,18.71,18.26,18.51,18.4,0.11000000000000298,0.6,49548.75,95267.408,4.878
793,600233.SH,20170602,18.56,18.59,17.93,18.4,18.41,-0.010000000000001563,-0.05,46466.48,87876.152,4.878
794,600233.SH,20170601,19.14,19.18,18.31,18.41,19.15,-0.7399999999999984,-3.86,60892.5,117647.655,4.878
795,600233.SH,20170531,19.08,19.47,19.08,19.15,19.01,0.13999999999999702,0.74,43171.06,86209.176,4.878
796,600233.SH,20170526,19.17,19.36,18.96,19.01,19.16,-0.14999999999999858,-0.78,32715.02,64778.566,4.878
797,600233.SH,20170525,19.28,19.46,18.91,19.16,19.38,-0.21999999999999886,-1.14,46481.46,92315.32,4.878
798,600233.SH,20170524,18.93,19.56,18.31,19.38,19.24,0.14000000000000057,0.73,70655.4,139738.102,4.878
799,600233.SH,20170523,19.14,20.34,19.0,19.24,19.15,0.08999999999999986,0.47,80794.05,164333.794,4.878
800,600233.SH,20170522,19.45,19.71,19.13,19.15,19.55,-0.40000000000000213,-2.05,30593.08,61488.983,4.878
801,600233.SH,20170519,19.82,20.04,19.49,19.55,19.89,-0.33999999999999986,-1.71,27098.97,55359.602,4.878
802,600233.SH,20170518,19.84,20.18,19.59,19.89,19.96,-0.07000000000000028,-0.35,44320.93,91624.346,4.878
803,600233.SH,20170517,20.13,20.71,19.95,19.96,20.33,-0.36999999999999744,-1.82,81646.34,171491.432,4.878
804,600233.SH,20170516,18.99,20.52,18.65,20.33,18.97,1.3599999999999994,7.17,121993.66,251253.712,4.878
805,600233.SH,20170515,19.23,19.35,18.89,18.97,18.95,0.019999999999999574,0.11,31470.53,62212.361,4.878
806,600233.SH,20170512,18.44,18.97,18.41,18.95,18.44,0.509999999999998,2.77,57752.34,112347.963,4.878
807,600233.SH,20170511,18.9,18.9,17.94,18.44,18.91,-0.46999999999999886,-2.49,50314.63,95995.901,4.878
808,600233.SH,20170510,19.37,19.53,18.9,18.91,19.41,-0.5,-2.58,61934.51,122901.768,4.878
809,600233.SH,20170509,18.7,20.22,18.6,19.41,18.38,1.0300000000000011,5.6,114546.8,232700.195,4.878
810,600233.SH,20170508,18.58,18.7,18.34,18.38,18.55,-0.1700000000000017,-0.92,32754.0,62942.519,4.878
811,600233.SH,20170505,19.06,19.06,18.5,18.55,19.07,-0.5199999999999996,-2.73,42707.74,82851.257,4.878
812,600233.SH,20170504,19.28,19.28,19.06,19.07,19.33,-0.259999999999998,-1.35,42930.94,85114.509,4.878
813,600233.SH,20170503,19.34,19.57,19.29,19.33,19.48,-0.15000000000000213,-0.77,27116.38,54497.174,4.878
814,600233.SH,20170502,19.57,19.78,19.31,19.48,19.59,-0.10999999999999943,-0.56,32146.46,65084.001,4.878
815,600233.SH,20170428,19.79,19.79,19.06,19.59,19.8,-0.21000000000000085,-1.06,42372.24,85322.89,4.878
816,600233.SH,20170427,19.6,19.86,18.64,19.8,19.59,0.21000000000000085,1.07,69139.12,138096.605,4.878
817,600233.SH,20170426,19.67,19.91,19.52,19.59,19.66,-0.07000000000000028,-0.36,27827.71,56700.123,4.878
818,600233.SH,20170425,19.57,20.1,19.57,19.66,19.55,0.10999999999999943,0.56,35588.56,73126.588,4.878
819,600233.SH,20170424,20.84,20.84,19.38,19.55,20.84,-1.2899999999999991,-6.19,44384.0,91765.179,4.878
820,600233.SH,20170421,20.93,21.08,20.83,20.84,20.99,-0.14999999999999858,-0.71,24325.15,52772.261,4.878
821,600233.SH,20170420,20.82,21.49,20.72,20.99,20.84,0.14999999999999858,0.72,41197.7,90179.404,4.878
822,600233.SH,20170419,21.44,21.44,20.61,20.84,21.44,-0.6000000000000014,-2.8,56616.7,122550.202,4.878
823,600233.SH,20170418,21.58,21.78,21.25,21.44,21.58,-0.13999999999999702,-0.65,29330.3,65446.728,4.878
824,600233.SH,20170417,21.75,21.93,21.4,21.58,21.75,-0.1700000000000017,-0.78,34489.0,77499.809,4.878
825,600233.SH,20170414,22.26,22.36,21.69,21.75,22.24,-0.48999999999999844,-2.2,51628.26,117327.826,4.878
826,600233.SH,20170413,22.36,22.57,22.17,22.24,22.36,-0.120000000000001,-0.54,37519.52,86917.508,4.878
827,600233.SH,20170412,22.47,22.62,22.36,22.36,22.73,-0.370000000000001,-1.63,38990.06,90845.097,4.878
828,600233.SH,20170411,22.88,23.01,22.47,22.73,22.91,-0.17999999999999972,-0.79,63966.34,150574.8,4.878
829,600233.SH,20170410,23.5,23.5,22.65,22.91,23.17,-0.26000000000000156,-1.12,59375.48,141097.408,4.878
830,600233.SH,20170407,22.44,23.8,22.41,23.17,22.44,0.7300000000000004,3.25,122053.06,293522.24,4.878
831,600233.SH,20170406,22.55,22.73,22.37,22.44,22.55,-0.10999999999999943,-0.49,42512.82,99208.597,4.878
832,600233.SH,20170405,22.17,22.6,22.05,22.55,22.16,0.39000000000000057,1.76,62716.22,145534.345,4.878
833,600233.SH,20170331,22.13,22.4,21.91,22.16,22.13,0.030000000000001137,0.14,47339.38,108763.899,4.878
834,600233.SH,20170330,22.97,23.04,21.97,22.13,22.96,-0.8300000000000018,-3.61,95710.44,222306.95,4.878
835,600233.SH,20170329,23.29,23.39,22.95,22.96,23.29,-0.3299999999999983,-1.42,56907.31,136150.662,4.878
836,600233.SH,20170328,23.59,23.63,23.24,23.29,23.59,-0.3000000000000007,-1.27,48564.59,117608.75,4.878
837,600233.SH,20170327,23.15,23.78,23.04,23.59,23.09,0.5,2.17,107251.34,261468.349,4.878
838,600233.SH,20170324,23.06,23.25,22.96,23.09,23.12,-0.030000000000001137,-0.13,52814.38,126426.718,4.878
839,600233.SH,20170323,23.17,23.38,22.94,23.12,23.17,-0.05000000000000071,-0.22,68845.08,165238.221,4.878
840,600233.SH,20170322,23.34,23.37,22.94,23.17,23.45,-0.2799999999999976,-1.19,80203.52,192845.181,4.878
841,600233.SH,20170321,23.46,23.66,23.33,23.45,23.51,-0.060000000000002274,-0.26,51042.0,124444.691,4.878
842,600233.SH,20170320,23.86,23.87,23.35,23.51,23.94,-0.4299999999999997,-1.8,82659.31,201608.284,4.878
843,600233.SH,20170317,24.05,24.21,23.9,23.94,24.02,-0.0799999999999983,-0.33,91586.64,228418.978,4.878
844,600233.SH,20170316,23.85,24.28,23.85,24.02,23.81,0.21000000000000085,0.88,103301.04,257865.846,4.878
845,600233.SH,20170315,24.12,24.23,23.74,23.81,24.25,-0.4400000000000013,-1.81,91729.83,227847.04,4.878
846,600233.SH,20170314,23.66,24.27,23.43,24.25,23.65,0.6000000000000014,2.54,133788.04,332111.987,4.878
847,600233.SH,20170313,23.67,23.78,23.27,23.65,23.63,0.019999999999999574,0.08,79690.02,194245.445,4.878
848,600233.SH,20170310,23.62,23.89,23.59,23.63,23.67,-0.0400000000000027,-0.17,86187.92,212019.909,4.878
849,600233.SH,20170309,24.08,24.08,23.62,23.67,24.26,-0.5899999999999999,-2.43,104657.03,258735.983,4.878
850,600233.SH,20170308,24.0,24.43,23.63,24.26,24.19,0.07000000000000028,0.29,179301.55,447118.007,4.878
851,600233.SH,20170307,24.34,24.58,24.06,24.19,24.49,-0.29999999999999716,-1.22,153393.64,386007.831,4.878
852,600233.SH,20170306,24.1,24.84,24.1,24.49,24.25,0.23999999999999844,0.99,183766.8,465923.227,4.878
853,600233.SH,20170303,25.35,25.59,24.2,24.25,25.77,-1.5199999999999996,-5.9,301173.37,773448.487,4.878
854,600233.SH,20170302,26.23,26.58,25.45,25.77,27.27,-1.5,-5.5,396355.83,1069204.914,4.878
855,600233.SH,20170301,28.21,30.82,26.51,27.27,28.21,-0.9400000000000013,-3.33,763918.45,2290025.635,4.878
856,600233.SH,20170228,25.53,28.21,25.06,28.21,25.65,2.5600000000000023,9.98,558255.98,1600768.311,4.878
857,600233.SH,20170227,25.45,26.92,24.35,25.65,25.46,0.18999999999999773,0.75,308723.85,827779.139,4.878
858,600233.SH,20170224,24.29,26.31,24.15,25.46,24.02,1.4400000000000013,6.0,308888.98,811185.478,4.878
859,600233.SH,20170223,24.24,24.39,23.72,24.02,24.11,-0.08999999999999986,-0.37,86930.81,216240.41,4.878
860,600233.SH,20170222,23.61,24.54,23.61,24.11,23.59,0.5199999999999996,2.2,124844.88,312833.546,4.878
861,600233.SH,20170221,22.94,23.67,22.75,23.59,22.99,0.6000000000000014,2.61,91404.22,222287.18,4.878
862,600233.SH,20170220,23.28,23.28,22.26,22.99,23.65,-0.6600000000000001,-2.79,142792.85,336476.256,4.878
863,600233.SH,20170217,24.48,24.48,23.61,23.65,24.53,-0.8800000000000026,-3.59,122503.84,303733.951,4.878
864,600233.SH,20170216,24.58,24.86,24.41,24.53,24.63,-0.09999999999999787,-0.41,69024.31,176231.135,4.878
865,600233.SH,20170215,25.19,25.49,24.59,24.63,25.19,-0.5600000000000023,-2.22,104550.57,270195.181,4.878
866,600233.SH,20170214,25.58,25.58,25.12,25.19,25.69,-0.5,-1.95,95524.02,250659.814,4.878
867,600233.SH,20170213,25.59,26.12,25.07,25.69,25.83,-0.13999999999999702,-0.54,108641.27,288050.815,4.878
868,600233.SH,20170210,26.99,26.99,25.67,25.83,25.54,0.28999999999999915,1.14,261509.69,714564.247,4.878
869,600233.SH,20170209,24.57,25.58,24.4,25.54,24.62,0.9199999999999982,3.74,124516.1,322294.17,4.878
870,600233.SH,20170208,24.77,24.78,24.29,24.62,24.71,-0.08999999999999986,-0.36,51447.11,130665.462,4.878
871,600233.SH,20170207,24.61,25.02,24.43,24.71,24.57,0.14000000000000057,0.57,63292.88,162340.689,4.878
872,600233.SH,20170206,24.72,24.81,24.3,24.57,24.67,-0.10000000000000142,-0.41,54061.58,137462.944,4.878
873,600233.SH,20170203,25.05,25.2,24.46,24.67,24.92,-0.25,-1.0,43667.54,111929.561,4.878
874,600233.SH,20170126,25.21,25.73,24.59,24.92,25.17,-0.25,-0.99,77730.13,201792.45,4.878
875,600233.SH,20170125,23.82,25.91,23.61,25.17,24.05,1.120000000000001,4.66,125510.68,325762.19,4.878
876,600233.SH,20170124,23.2,24.23,22.79,24.05,23.13,0.9200000000000017,3.98,101432.94,249044.435,4.878
877,600233.SH,20170123,22.51,23.37,22.46,23.13,22.64,0.48999999999999844,2.16,68717.62,163444.235,4.878
878,600233.SH,20170120,22.34,22.75,22.33,22.64,22.32,0.3200000000000003,1.43,50635.34,118877.394,4.878
879,600233.SH,20170119,22.39,22.75,22.23,22.32,22.39,-0.07000000000000028,-0.31,41875.27,97851.629,4.878
880,600233.SH,20170118,22.79,22.79,22.34,22.39,22.79,-0.3999999999999986,-1.76,38334.26,89551.475,4.878
881,600233.SH,20170117,22.3,22.89,21.98,22.79,22.44,0.34999999999999787,1.56,59372.9,138959.692,4.878
882,600233.SH,20170116,23.15,23.15,21.11,22.44,23.18,-0.7399999999999984,-3.19,114715.55,264850.284,4.878
883,600233.SH,20170113,24.04,24.19,22.99,23.18,24.05,-0.870000000000001,-3.62,86738.24,211140.104,4.878
884,600233.SH,20170112,25.43,25.53,23.95,24.05,25.3,-1.25,-4.94,92348.44,235353.165,4.878
885,600233.SH,20170111,25.25,25.64,25.21,25.3,25.45,-0.14999999999999858,-0.59,59260.13,156067.506,4.878
886,600233.SH,20170110,25.6,25.73,25.2,25.45,25.75,-0.3000000000000007,-1.17,69777.14,184038.374,4.878
887,600233.SH,20170109,25.63,26.12,25.33,25.75,25.59,0.16000000000000014,0.63,83681.55,222824.434,4.878
888,600233.SH,20170106,25.78,26.02,25.39,25.59,26.07,-0.4800000000000004,-1.84,100171.39,266253.544,4.878
889,600233.SH,20170105,25.04,27.23,24.89,26.07,25.14,0.9299999999999997,3.7,195185.39,531556.694,4.878
890,600233.SH,20170104,24.89,25.43,24.67,25.14,25.05,0.08999999999999986,0.36,107745.5,280155.239,4.878
891,600233.SH,20170103,24.76,25.53,24.76,25.05,24.57,0.4800000000000004,1.95,109424.43,285869.393,4.878
892,600233.SH,20161230,24.28,25.04,24.25,24.57,24.3,0.2699999999999996,1.11,96007.46,245950.364,4.878
893,600233.SH,20161229,24.34,24.87,24.11,24.3,24.54,-0.23999999999999844,-0.98,83316.28,211503.973,4.878
894,600233.SH,20161228,25.07,25.31,24.39,24.54,25.07,-0.5300000000000011,-2.11,144309.78,371420.548,4.878
895,600233.SH,20161227,23.55,25.33,23.43,25.07,23.55,1.5199999999999996,6.45,232094.11,590290.949,4.878
896,600233.SH,20161226,22.99,23.71,22.57,23.55,23.03,0.5199999999999996,2.26,145018.11,350007.578,4.878
897,600233.SH,20161223,23.82,23.96,22.94,23.03,24.18,-1.1499999999999986,-4.76,161547.19,390748.455,4.878
898,600233.SH,20161222,24.76,24.87,24.09,24.18,24.89,-0.7100000000000009,-2.85,120639.85,304033.383,4.878
899,600233.SH,20161221,25.08,25.18,24.58,24.89,24.94,-0.05000000000000071,-0.2,113199.91,292134.33,4.878
900,600233.SH,20161220,24.66,25.06,24.29,24.94,24.52,0.4200000000000017,1.71,120121.49,308675.368,4.878
901,600233.SH,20161219,25.32,25.38,24.39,24.52,25.22,-0.6999999999999993,-2.78,131559.12,337544.701,4.878
902,600233.SH,20161216,24.87,25.53,24.41,25.22,24.81,0.41000000000000014,1.65,155874.3,407236.402,4.878
903,600233.SH,20161215,24.24,25.2,24.14,24.81,24.39,0.41999999999999815,1.72,152962.49,392848.926,4.878
904,600233.SH,20161214,25.06,25.54,23.99,24.39,25.68,-1.2899999999999991,-5.02,195298.02,500115.758,4.878
905,600233.SH,20161213,25.5,26.31,24.37,25.68,25.4,0.28000000000000114,1.1,193010.96,511771.843,4.878
906,600233.SH,20161212,28.33,28.43,25.37,25.4,28.18,-2.780000000000001,-9.87,254131.35,702959.466,4.878
907,600233.SH,20161209,29.4,29.45,27.95,28.18,29.88,-1.6999999999999993,-5.69,243581.15,720746.409,4.878
908,600233.SH,20161208,31.5,31.53,29.49,29.88,30.94,-1.0600000000000023,-3.43,221107.9,690821.187,4.878
909,600233.SH,20161207,28.25,32.56,28.25,30.94,29.7,1.240000000000002,4.18,334573.53,1068250.264,4.878
910,600233.SH,20161206,29.7,29.7,29.7,29.7,32.99,-3.2900000000000027,-9.97,28565.0,88008.765,4.878
911,600233.SH,20161205,32.99,32.99,32.99,32.99,36.65,-3.6599999999999966,-9.99,16883.0,57790.509,4.878
912,600233.SH,20161104,35.64,38.42,35.29,36.65,36.18,0.46999999999999886,1.3,555789.4,2122824.553,4.878
913,600233.SH,20161103,33.54,36.9,33.19,36.18,33.9,2.280000000000001,6.73,564729.69,2050950.521,4.878
914,600233.SH,20161102,33.44,34.99,32.6,33.9,33.44,0.46000000000000085,1.38,371174.53,1293662.382,4.878
915,600233.SH,20161101,32.98,33.54,32.59,33.44,33.29,0.14999999999999858,0.45,237205.94,812104.102,4.878
916,600233.SH,20161031,31.88,33.45,31.85,33.29,31.93,1.3599999999999994,4.26,299640.12,1020750.479,4.878
917,600233.SH,20161028,31.92,32.35,31.6,31.93,32.4,-0.46999999999999886,-1.45,161047.49,534501.815,4.878
918,600233.SH,20161027,32.16,32.46,31.32,32.4,32.16,0.240000000000002,0.75,187326.22,618427.583,4.878
919,600233.SH,20161026,32.26,33.24,31.61,32.16,32.38,-0.22000000000000597,-0.68,232690.5,781429.657,4.878
920,600233.SH,20161025,33.77,33.79,32.31,32.38,33.79,-1.4099999999999966,-4.17,294328.23,1000575.736,4.878
921,600233.SH,20161024,34.64,34.64,33.1,33.79,34.3,-0.509999999999998,-1.49,325061.42,1130919.143,4.878
922,600233.SH,20161021,33.25,35.05,32.27,34.3,33.31,0.9899999999999949,2.97,439364.71,1558584.805,4.878
923,600233.SH,20161020,34.6,35.46,32.77,33.31,34.83,-1.519999999999996,-4.36,425966.69,1493271.905,4.878
924,600233.SH,20161019,32.07,35.44,32.05,34.83,32.39,2.4399999999999977,7.53,488542.53,1712644.23,4.878
925,600233.SH,20161018,31.93,33.25,31.25,32.39,31.92,0.46999999999999886,1.47,319980.47,1070312.016,4.878
926,600233.SH,20161017,30.76,33.29,30.75,31.92,30.66,1.2600000000000016,4.11,413169.71,1381502.626,4.878
927,600233.SH,20161014,30.57,30.73,29.89,30.66,31.12,-0.46000000000000085,-1.48,244526.83,766420.849,4.878
928,600233.SH,20161013,31.35,32.48,30.65,31.12,31.05,0.07000000000000028,0.23,341750.12,1124730.03,4.878
929,600233.SH,20161012,32.67,32.67,30.73,31.05,33.1,-2.0500000000000007,-6.19,392696.78,1284479.0,4.878
930,600233.SH,20161011,30.65,33.14,30.35,33.1,30.12,2.9800000000000004,9.89,459740.3,1505687.154,4.878
931,600233.SH,20161010,27.61,30.12,27.61,30.12,27.38,2.740000000000002,10.01,345375.11,1042058.765,4.878
932,600233.SH,20160930,27.18,27.66,27.0,27.38,27.37,0.00999999999999801,0.04,168870.13,478306.707,4.878
933,600233.SH,20160929,27.73,28.66,27.13,27.37,28.18,-0.8099999999999987,-2.87,266616.5,766106.046,4.878
934,600233.SH,20160928,27.71,29.04,27.45,28.18,28.0,0.17999999999999972,0.64,350937.37,1037669.263,4.878
935,600233.SH,20160927,29.38,29.49,26.88,28.0,29.37,-1.370000000000001,-4.66,416032.43,1202334.721,4.878
936,600233.SH,20160926,29.97,30.5,28.98,29.37,30.46,-1.0899999999999999,-3.58,390330.36,1193509.812,4.878
937,600233.SH,20160923,31.47,32.91,30.08,30.46,30.33,0.13000000000000256,0.43,657854.32,2145815.835,4.878
938,600233.SH,20160922,27.04,30.33,26.82,30.33,27.58,2.75,9.97,539283.24,1599627.563,4.878
939,600233.SH,20160921,25.85,27.62,25.58,27.58,25.11,2.469999999999999,9.84,519579.32,1448778.088,4.878
940,600233.SH,20160920,22.63,25.11,22.24,25.11,22.82,2.289999999999999,10.04,282260.14,700320.219,4.878
941,600233.SH,20160919,22.22,23.52,22.22,22.82,21.63,1.1900000000000013,5.5,230932.1,545088.878,4.878
942,600233.SH,20160914,23.43,23.43,21.19,21.63,21.3,0.3299999999999983,1.55,289965.16,673037.611,4.878
943,600233.SH,20160913,21.13,21.58,21.12,21.3,21.1,0.1999999999999993,0.95,30006.52,66311.571,4.878
944,600233.SH,20160912,21.2,21.45,20.74,21.1,21.65,-0.5499999999999972,-2.54,62986.04,138316.678,4.878
945,600233.SH,20160909,22.05,22.12,21.63,21.65,21.95,-0.3000000000000007,-1.37,45069.03,101683.874,4.878
946,600233.SH,20160908,22.31,22.62,21.69,21.95,22.2,-0.25,-1.13,88409.34,203101.016,4.878
947,600233.SH,20160907,21.33,22.26,21.26,22.2,21.26,0.9399999999999977,4.42,110391.72,249748.635,4.878
948,600233.SH,20160906,21.3,21.45,20.82,21.26,21.3,-0.03999999999999915,-0.19,78099.92,170689.271,4.878
949,600233.SH,20160905,21.68,21.82,21.2,21.3,21.62,-0.3200000000000003,-1.48,72146.62,160706.032,4.878
950,600233.SH,20160902,21.67,22.24,21.59,21.62,21.68,-0.05999999999999872,-0.28,81254.45,184200.175,4.878
951,600233.SH,20160901,21.4,22.07,21.22,21.68,21.66,0.019999999999999574,0.09,72411.24,163692.063,4.878
952,600233.SH,20160831,22.23,22.23,21.41,21.66,22.33,-0.6699999999999982,-3.0,93033.22,209718.656,4.878
953,600233.SH,20160830,22.34,22.73,21.7,22.33,22.56,-0.23000000000000043,-1.02,123946.14,285505.022,4.878
954,600233.SH,20160829,22.79,23.4,22.17,22.56,22.86,-0.3000000000000007,-1.31,194036.67,455933.334,4.878
955,600233.SH,20160826,21.59,23.11,21.59,22.86,21.82,1.0399999999999991,4.77,211651.3,498979.727,4.878
956,600233.SH,20160825,20.92,22.31,20.6,21.82,21.13,0.6900000000000013,3.27,198671.81,447003.586,4.878
957,600233.SH,20160824,20.05,22.05,19.95,21.13,20.12,1.009999999999998,5.02,207546.11,450802.284,4.878
958,600233.SH,20160823,19.86,20.51,19.85,20.12,19.91,0.21000000000000085,1.05,69766.45,146367.54,4.878
959,600233.SH,20160822,19.95,20.1,19.71,19.91,19.85,0.05999999999999872,0.3,67152.07,139125.132,4.878
960,600233.SH,20160819,19.88,20.19,19.5,19.85,19.96,-0.10999999999999943,-0.55,88845.57,183249.32,4.878
961,600233.SH,20160818,20.36,20.59,19.86,19.96,20.37,-0.41000000000000014,-2.01,108781.84,228081.406,4.878
962,600233.SH,20160817,20.11,20.88,19.87,20.37,20.11,0.26000000000000156,1.29,152717.73,324190.581,4.878
963,600233.SH,20160816,19.64,20.69,19.46,20.11,19.61,0.5,2.55,186735.73,392263.006,4.878
964,600233.SH,20160815,19.13,19.66,19.13,19.61,19.28,0.3299999999999983,1.71,113540.23,229253.053,4.878
965,600233.SH,20160812,18.9,19.59,18.87,19.28,18.87,0.41000000000000014,2.17,131487.09,262286.044,4.878
966,600233.SH,20160811,18.89,19.26,18.83,18.87,18.9,-0.029999999999997584,-0.16,84438.54,166536.876,4.878
967,600233.SH,20160810,19.28,19.28,18.85,18.9,19.27,-0.370000000000001,-1.92,94571.06,186302.23,4.878
968,600233.SH,20160809,18.73,19.48,18.51,19.27,18.72,0.5500000000000007,2.94,138395.96,273339.04,4.878
969,600233.SH,20160808,18.9,18.9,18.31,18.72,18.9,-0.17999999999999972,-0.95,98133.52,188873.25,4.878
970,600233.SH,20160805,19.0,19.12,18.7,18.9,18.94,-0.0400000000000027,-0.21,88745.83,174297.802,4.878
971,600233.SH,20160804,18.63,19.17,18.51,18.94,18.63,0.3100000000000023,1.66,123488.34,242603.69,4.878
972,600233.SH,20160803,19.27,19.27,18.39,18.63,19.27,-0.6400000000000006,-3.32,166089.76,322723.161,4.878
973,600233.SH,20160802,18.32,19.75,18.3,19.27,19.04,0.23000000000000043,1.21,175821.73,351301.99,4.878
974,600233.SH,20160801,20.24,20.39,19.04,19.04,21.15,-2.1099999999999994,-9.98,243606.51,491806.805,4.878
975,600233.SH,20160729,24.13,24.13,20.9,21.15,21.95,-0.8000000000000007,-3.64,423810.09,1005265.141,4.878
976,600233.SH,20160721,21.94,22.29,21.49,21.95,21.89,0.05999999999999872,0.27,122042.72,277821.072,4.878
977,600233.SH,20160720,22.18,22.48,21.83,21.89,22.08,-0.18999999999999773,-0.86,126908.61,290699.045,4.878
978,600233.SH,20160719,21.69,22.17,21.01,22.08,21.79,0.28999999999999915,1.33,175435.03,392813.567,4.878
979,600233.SH,20160718,21.49,22.77,21.42,21.79,21.78,0.00999999999999801,0.05,158796.21,363451.547,4.878
980,600233.SH,20160715,22.36,22.36,21.2,21.78,22.11,-0.3299999999999983,-1.49,153876.67,346938.773,4.878
981,600233.SH,20160714,20.93,23.0,20.73,22.11,21.09,1.0199999999999996,4.84,267832.99,610965.881,4.878
982,600233.SH,20160713,21.0,21.78,20.05,21.09,20.27,0.8200000000000003,4.05,252735.37,552285.529,4.878
983,600233.SH,20160712,18.99,20.75,18.82,20.27,19.33,0.9400000000000013,4.86,169933.11,345137.603,4.878
984,600233.SH,20160711,20.33,20.51,19.29,19.33,20.05,-0.7200000000000024,-3.59,161662.35,332862.713,4.878
985,600233.SH,20160708,20.24,20.94,19.36,20.05,19.92,0.129999999999999,0.65,277353.98,580927.164,4.878
986,600233.SH,20160707,18.12,19.92,17.88,19.92,18.11,1.8100000000000023,9.99,218456.85,426854.032,4.878
987,600233.SH,20160706,18.09,18.31,17.69,18.11,18.11,0.0,0.0,83431.25,155713.748,4.878
988,600233.SH,20160705,18.12,18.36,17.86,18.11,18.18,-0.07000000000000028,-0.39,78951.4,148284.473,4.878
989,600233.SH,20160704,17.88,18.47,17.81,18.18,18.2,-0.019999999999999574,-0.11,99469.99,187296.381,4.878
990,600233.SH,20160701,18.41,18.74,18.02,18.2,18.76,-0.5600000000000023,-2.99,143427.32,272757.668,4.878
991,600233.SH,20160630,17.99,19.47,17.84,18.76,18.17,0.5899999999999999,3.25,311582.82,610843.045,4.878
992,600233.SH,20160629,17.23,18.66,17.05,18.17,17.21,0.9600000000000009,5.58,172031.67,317252.564,4.878
993,600233.SH,20160628,16.97,17.5,16.97,17.21,17.06,0.15000000000000213,0.88,111023.16,197993.503,4.878
994,600233.SH,20160627,15.96,17.43,15.81,17.06,16.14,0.9199999999999982,5.7,129781.29,227758.085,4.878
995,600233.SH,20160624,16.2,16.34,14.95,16.14,16.26,-0.120000000000001,-0.74,79630.9,131838.005,4.878
996,600233.SH,20160623,16.43,16.5,16.07,16.26,16.51,-0.25,-1.51,55912.59,94128.495,4.878
997,600233.SH,20160622,16.48,16.78,16.11,16.51,16.79,-0.2799999999999976,-1.67,92976.11,157769.25,4.878
998,600233.SH,20160621,17.03,17.19,16.67,16.79,16.9,-0.10999999999999943,-0.65,93338.11,164418.154,4.878
999,600233.SH,20160620,16.85,17.19,16.59,16.9,17.21,-0.3100000000000023,-1.8,75751.46,132571.693,4.878
1000,600233.SH,20160617,17.22,17.75,16.67,17.21,17.24,-0.029999999999997584,-0.17,119804.48,213779.045,4.878
1001,600233.SH,20160616,16.4,17.44,16.4,17.24,16.53,0.7099999999999973,4.3,129472.3,229158.322,4.878
1002,600233.SH,20160615,15.75,16.69,15.75,16.53,16.14,0.39000000000000057,2.42,84825.73,144833.576,4.878
1003,600233.SH,20160614,16.26,16.55,15.83,16.14,16.08,0.060000000000002274,0.37,77865.99,130717.461,4.878
1004,600233.SH,20160613,16.49,16.73,15.98,16.08,16.91,-0.8300000000000018,-4.91,98728.79,168884.403,4.878
1005,600233.SH,20160608,17.21,17.24,16.66,16.91,17.2,-0.28999999999999915,-1.69,90807.84,159412.665,4.878
1006,600233.SH,20160607,17.73,17.73,17.06,17.2,17.75,-0.5500000000000007,-3.1,141098.02,252936.229,4.878
1007,600233.SH,20160606,17.16,18.25,16.87,17.75,17.07,0.6799999999999997,3.98,244077.83,444277.322,4.878
1008,600233.SH,20160603,17.17,17.33,16.79,17.07,17.16,-0.08999999999999986,-0.52,133658.18,236371.459,4.878
1009,600233.SH,20160602,16.97,17.45,16.88,17.16,17.14,0.019999999999999574,0.12,181601.76,324073.996,4.878
1010,600233.SH,20160601,16.48,17.22,16.48,17.14,16.74,0.40000000000000213,2.39,185369.18,323984.006,4.878
1011,600233.SH,20160531,16.35,17.22,16.17,16.74,15.71,1.0299999999999976,6.56,202234.8,350210.118,4.878
1012,600233.SH,20160530,16.03,16.04,15.47,15.71,16.2,-0.48999999999999844,-3.02,93905.42,153170.609,4.878
1013,600233.SH,20160527,16.48,16.58,16.08,16.2,16.77,-0.5700000000000003,-3.4,113101.99,191189.967,4.878
1014,600233.SH,20160526,16.82,17.21,15.9,16.77,16.65,0.120000000000001,0.72,140428.2,240953.966,4.878
1015,600233.SH,20160525,17.25,17.32,16.39,16.65,17.07,-0.4200000000000017,-2.46,141675.08,246333.26,4.878
1016,600233.SH,20160524,16.7,17.61,16.4,17.07,16.7,0.370000000000001,2.22,266954.31,468830.317,4.878
1017,600233.SH,20160523,15.03,16.7,15.0,16.7,15.18,1.5199999999999996,10.01,271449.49,459854.972,4.878
1018,600233.SH,20160520,14.45,15.33,14.34,15.18,14.58,0.5999999999999996,4.12,69931.89,107443.968,4.878
1019,600233.SH,20160519,14.46,14.98,14.46,14.58,14.45,0.13000000000000078,0.9,89665.74,137266.288,4.878
1020,600233.SH,20160518,14.77,14.86,14.37,14.45,15.1,-0.6500000000000004,-4.3,116681.86,177065.083,4.878
1021,600233.SH,20160517,15.23,15.65,15.05,15.1,15.36,-0.2599999999999998,-1.69,123845.96,196040.668,4.878
1022,600233.SH,20160516,14.53,15.41,14.27,15.36,14.35,1.0099999999999998,7.04,131888.06,203063.24,4.878
1023,600233.SH,20160513,14.53,14.72,14.19,14.35,14.55,-0.20000000000000107,-1.37,79129.99,119144.828,4.878
1024,600233.SH,20160512,14.55,14.65,14.14,14.55,15.0,-0.4499999999999993,-3.0,107150.86,160472.072,4.878
1025,600233.SH,20160511,15.23,15.33,14.91,15.0,15.06,-0.0600000000000005,-0.4,84464.85,132203.397,4.878
1026,600233.SH,20160510,15.47,15.67,14.51,15.06,15.42,-0.35999999999999943,-2.33,136705.58,212935.268,4.878
1027,600233.SH,20160509,15.47,16.19,15.26,15.42,15.74,-0.3200000000000003,-2.03,164575.82,268830.767,4.878
1028,600233.SH,20160506,17.07,17.15,15.67,15.74,16.99,-1.2499999999999982,-7.36,208082.64,355188.723,4.878
1029,600233.SH,20160505,16.71,17.06,16.63,16.99,16.99,0.0,0.0,164983.16,288264.902,4.878
1030,600233.SH,20160504,17.0,17.32,16.83,16.99,17.09,-0.10000000000000142,-0.59,157451.62,278413.242,4.878
1031,600233.SH,20160503,16.68,17.38,16.4,17.09,16.85,0.23999999999999844,1.42,189561.47,334048.604,4.878
1032,600233.SH,20160429,16.87,17.27,16.7,16.85,17.02,-0.16999999999999815,-1.0,154586.35,272446.127,4.878
1033,600233.SH,20160428,17.71,17.99,16.89,17.02,18.15,-1.129999999999999,-6.23,242994.91,438266.733,4.878
1034,600233.SH,20160427,16.67,18.67,16.39,18.15,17.07,1.0799999999999983,6.33,386244.7,696510.713,4.878
1035,600233.SH,20160426,17.29,17.77,16.55,17.07,17.08,-0.00999999999999801,-0.06,140615.32,249677.626,4.878
1036,600233.SH,20160425,17.31,17.31,16.51,17.08,17.4,-0.3200000000000003,-1.84,96419.04,339973.54,2.433
1037,600233.SH,20160422,17.24,17.45,16.65,17.4,17.48,-0.08000000000000185,-0.46,127387.65,452365.449,2.433
1038,600233.SH,20160421,17.69,18.26,16.94,17.48,17.82,-0.33999999999999986,-1.91,159112.74,580082.243,2.433
1039,600233.SH,20160420,18.27,18.99,16.63,17.82,18.08,-0.259999999999998,-1.44,214362.3,805690.736,2.433
1040,600233.SH,20160419,18.51,18.6,17.59,18.08,18.25,-0.1700000000000017,-0.93,207310.4,776299.196,2.433
1041,600233.SH,20160418,19.47,19.8,17.84,18.25,19.45,-1.1999999999999993,-6.17,287493.34,1125196.798,2.433
1042,600233.SH,20160415,19.42,19.45,19.04,19.45,17.68,1.7699999999999996,10.01,196532.34,794625.239,2.433
1043,600233.SH,20160414,17.31,17.68,16.92,17.68,16.08,1.6000000000000014,9.95,115106.05,418107.746,2.433
1044,600233.SH,20160413,16.08,16.08,16.08,16.08,14.61,1.4699999999999989,10.06,45246.31,151303.661,2.433
1045,600233.SH,20160412,14.61,14.61,14.61,14.61,13.29,1.3200000000000003,9.93,9521.62,28945.725,2.433
1046,600233.SH,20160411,13.29,13.29,13.29,13.29,12.08,1.209999999999999,10.02,2220.8,6138.291,2.433
1047,600233.SH,20151231,11.71,12.49,11.35,12.08,11.71,0.3699999999999992,3.16,43508.14,108079.457,2.433
1048,600233.SH,20151230,11.65,12.0,11.63,11.71,11.65,0.0600000000000005,0.52,33716.29,82523.593,2.433
1049,600233.SH,20151229,11.89,12.09,11.35,11.65,11.89,-0.2400000000000002,-2.02,33526.55,81404.542,2.433
1050,600233.SH,20151228,12.15,12.54,11.8,11.89,12.24,-0.34999999999999964,-2.86,43507.2,110884.407,2.433
1051,600233.SH,20151225,11.92,12.52,11.63,12.24,11.81,0.4299999999999997,3.64,53824.57,135800.326,2.433
1052,600233.SH,20151224,11.3,11.83,11.11,11.81,11.39,0.41999999999999993,3.69,50152.89,120382.982,2.433
1053,600233.SH,20151223,11.2,11.59,10.91,11.39,11.2,0.19000000000000128,1.7,47054.28,109847.686,2.433
1054,600233.SH,20151222,11.3,11.51,11.02,11.2,11.41,-0.21000000000000085,-1.84,40635.69,94917.674,2.433
1055,600233.SH,20151221,11.04,11.73,10.91,11.41,11.11,0.3000000000000007,2.7,58390.95,139281.32,2.433
1056,600233.SH,20151218,11.1,11.2,10.8,11.11,11.13,-0.02000000000000135,-0.18,43558.39,99478.654,2.433
1057,600233.SH,20151217,11.18,11.44,10.89,11.13,11.1,0.030000000000001137,0.27,51222.43,118231.393,2.433
1058,600233.SH,20151216,10.64,11.32,10.44,11.1,10.56,0.5399999999999991,5.11,69096.79,157484.047,2.433
1059,600233.SH,20151215,9.82,10.73,9.8,10.56,9.77,0.7900000000000009,8.09,57741.61,124301.677,2.433
1060,600233.SH,20151214,9.65,9.84,9.34,9.77,9.57,0.1999999999999993,2.09,21594.1,43075.627,2.433
1061,600233.SH,20151211,9.83,9.85,9.43,9.57,9.82,-0.25,-2.55,28514.62,56950.952,2.433
1062,600233.SH,20151210,9.98,10.18,9.73,9.82,10.19,-0.3699999999999992,-3.63,34391.42,70832.007,2.433
1063,600233.SH,20151209,10.22,10.51,9.92,10.19,10.35,-0.16000000000000014,-1.55,39153.56,83805.678,2.433
1064,600233.SH,20151208,10.02,10.52,9.91,10.35,10.08,0.2699999999999996,2.68,57622.67,123835.742,2.433
1065,600233.SH,20151207,9.76,10.22,9.61,10.08,9.71,0.3699999999999992,3.81,45726.86,94545.651,2.433
1066,600233.SH,20151204,9.9,10.15,9.69,9.71,9.94,-0.22999999999999865,-2.31,28660.45,58954.104,2.433
1067,600233.SH,20151203,9.42,10.04,9.42,9.94,9.68,0.2599999999999998,2.69,29215.11,59818.62,2.433
1068,600233.SH,20151202,9.62,9.86,8.77,9.68,9.72,-0.040000000000000924,-0.41,27691.3,54754.241,2.433
1069,600233.SH,20151201,9.8,10.14,9.56,9.72,10.09,-0.3699999999999992,-3.67,46109.74,94434.833,2.433
1070,600233.SH,20151130,10.54,10.67,9.44,10.09,10.48,-0.39000000000000057,-3.72,83499.34,171326.514,2.433
1071,600233.SH,20151127,11.54,11.78,10.48,10.48,11.65,-1.17,-10.04,76150.11,173157.962,2.433
1072,600233.SH,20151126,10.91,11.75,10.83,11.65,11.02,0.6300000000000008,5.72,69587.97,164119.163,2.433
1073,600233.SH,20151125,10.34,11.22,10.11,11.02,10.25,0.7699999999999996,7.51,48726.49,108398.066,2.433
1074,600233.SH,20151124,10.22,10.39,9.9,10.25,10.22,0.02999999999999936,0.29,33082.22,69587.377,2.433
1075,600233.SH,20151123,10.48,10.65,10.11,10.22,10.51,-0.28999999999999915,-2.76,46829.77,101286.921,2.433
1076,600233.SH,20151120,9.98,10.66,9.98,10.51,9.98,0.5299999999999994,5.31,50547.3,109543.247,2.433
1077,600233.SH,20151119,9.73,10.02,9.66,9.98,9.65,0.33000000000000007,3.42,34781.01,71406.193,2.433
1078,600233.SH,20151118,9.64,10.03,9.5,9.65,9.5,0.15000000000000036,1.58,48420.36,98461.316,2.433
1079,600233.SH,20151117,9.47,10.19,9.45,9.5,9.41,0.08999999999999986,0.96,62684.23,126976.033,2.433
1080,600233.SH,20151116,8.94,9.47,8.85,9.41,9.16,0.25,2.73,27848.67,53709.678,2.433
1081,600233.SH,20151113,9.19,9.48,9.11,9.16,9.32,-0.16000000000000014,-1.72,35636.71,68602.896,2.433
1082,600233.SH,20151112,9.7,9.71,9.22,9.32,9.62,-0.29999999999999893,-3.12,35681.8,69606.661,2.433
1083,600233.SH,20151111,9.22,9.73,9.18,9.62,9.24,0.379999999999999,4.11,40898.03,80081.237,2.433
1084,600233.SH,20151110,9.2,9.56,9.09,9.24,9.3,-0.0600000000000005,-0.65,47435.8,91828.382,2.433
1085,600233.SH,20151109,9.01,9.61,8.71,9.3,9.01,0.2900000000000009,3.22,52958.45,101302.29,2.433
1086,600233.SH,20151106,8.85,9.18,8.8,9.01,8.84,0.16999999999999993,1.92,38026.95,71460.987,2.433
1087,600233.SH,20151105,9.08,9.12,8.74,8.84,9.08,-0.2400000000000002,-2.64,49828.19,92206.919,2.433
1088,600233.SH,20151104,8.54,9.13,8.42,9.08,8.79,0.2900000000000009,3.3,60820.43,112029.804,2.433
1089,600233.SH,20151103,8.68,9.09,8.51,8.79,8.26,0.5299999999999994,6.42,81385.06,150585.083,2.433
1090,600233.SH,20151102,8.41,8.81,8.17,8.26,8.84,-0.5800000000000001,-6.56,48140.59,85726.132,2.433
1091,600233.SH,20151030,8.58,9.15,8.46,8.84,8.6,0.2400000000000002,2.79,80414.6,149057.082,2.433
1092,600233.SH,20151029,8.22,8.73,8.08,8.6,8.17,0.4299999999999997,5.26,86345.76,151948.269,2.433
1093,600233.SH,20151028,7.88,8.49,7.84,8.17,7.95,0.21999999999999975,2.77,93004.19,158269.743,2.433
1094,600233.SH,20151027,8.05,8.05,7.58,7.95,8.09,-0.13999999999999968,-1.73,49059.08,79620.239,2.433
1095,600233.SH,20151026,8.02,8.31,7.85,8.09,7.97,0.1200000000000001,1.51,47963.09,80645.744,2.433
1096,600233.SH,20151023,7.61,8.03,7.55,7.97,7.56,0.41000000000000014,5.42,49076.7,79878.506,2.433
1097,600233.SH,20151022,7.32,7.66,7.16,7.56,7.3,0.2599999999999998,3.56,45392.0,70162.962,2.433
1098,600233.SH,20151021,8.09,8.3,7.29,7.3,8.03,-0.7299999999999995,-9.09,71766.04,116785.381,2.433
1099,600233.SH,20151020,7.88,8.11,7.72,8.03,7.91,0.11999999999999922,1.52,57428.78,95232.813,2.433
1100,600233.SH,20151019,8.05,8.1,7.64,7.91,8.05,-0.14000000000000057,-1.74,50377.07,82513.904,2.433
1101,600233.SH,20151016,8.13,8.13,7.8,8.05,8.0,0.05000000000000071,0.63,58342.12,97267.691,2.433
1102,600233.SH,20151015,7.65,8.04,7.6,8.0,7.67,0.33000000000000007,4.3,39356.16,64023.316,2.433
1103,600233.SH,20151014,7.9,7.93,7.66,7.67,7.91,-0.2400000000000002,-3.03,34489.7,55835.739,2.433
1104,600233.SH,20151013,7.64,8.06,7.64,7.91,7.78,0.1299999999999999,1.67,54807.75,90351.674,2.433
1105,600233.SH,20151012,7.5,7.86,7.5,7.78,7.48,0.2999999999999998,4.01,65336.32,105243.189,2.433
1106,600233.SH,20151009,7.16,7.54,7.11,7.48,7.15,0.33000000000000007,4.62,48129.11,73876.42,2.433
1107,600233.SH,20151008,7.18,7.32,7.09,7.15,6.93,0.22000000000000064,3.17,39046.12,58401.871,2.433
1108,600233.SH,20150930,6.93,7.0,6.83,6.93,6.92,0.009999999999999787,0.14,19596.0,28154.649,2.433
1109,600233.SH,20150929,6.85,6.96,6.66,6.92,7.01,-0.08999999999999986,-1.28,29642.13,42191.444,2.433
1110,600233.SH,20150928,6.9,7.05,6.66,7.01,6.89,0.1200000000000001,1.74,30598.27,44096.239,2.433
1111,600233.SH,20150925,7.36,7.48,6.78,6.89,7.39,-0.5,-6.77,52237.4,76781.571,2.433
1112,600233.SH,20150924,7.36,7.54,7.28,7.39,7.31,0.08000000000000007,1.09,44089.11,67737.923,2.433
1113,600233.SH,20150923,7.31,7.54,7.24,7.31,7.62,-0.3100000000000005,-4.07,65825.25,101083.943,2.433
1114,600233.SH,20150922,7.74,7.88,7.5,7.62,7.87,-0.25,-3.18,94606.92,151106.609,2.433
1115,600233.SH,20150921,7.21,7.93,7.1,7.87,7.46,0.41000000000000014,5.5,128772.1,201577.883,2.433
1116,600233.SH,20150918,6.91,7.55,6.52,7.46,6.98,0.47999999999999954,6.88,159013.65,228578.103,2.433
1117,600233.SH,20150917,7.16,7.59,6.97,6.98,7.14,-0.15999999999999925,-2.24,78838.13,118762.921,2.433
1118,600233.SH,20150916,6.51,7.14,6.51,7.14,6.49,0.6499999999999995,10.02,50792.9,72475.288,2.433
1119,600233.SH,20150915,6.57,7.07,6.25,6.49,6.74,-0.25,-3.71,48097.89,65148.757,2.433
1120,600233.SH,20150914,7.5,7.69,6.74,6.74,7.49,-0.75,-10.01,54637.71,80834.659,2.433
1121,600233.SH,20150911,7.36,7.58,7.28,7.49,7.24,0.25,3.45,38777.81,60481.197,2.433
1122,600233.SH,20150910,7.39,7.59,7.23,7.24,7.59,-0.34999999999999964,-4.61,33460.83,51587.239,2.433
1123,600233.SH,20150909,7.44,7.69,7.26,7.59,7.25,0.33999999999999986,4.69,62290.1,97323.353,2.433
1124,600233.SH,20150908,6.49,7.25,6.37,7.25,6.59,0.6600000000000001,10.02,55813.87,80002.998,2.433
1125,600233.SH,20150907,6.59,6.76,6.35,6.59,6.17,0.41999999999999993,6.81,45682.51,62621.284,2.433
1126,600233.SH,20150902,6.0,6.77,6.0,6.17,6.48,-0.3100000000000005,-4.78,43453.81,57274.549,2.433
1127,600233.SH,20150901,7.15,7.25,6.45,6.48,7.12,-0.6399999999999997,-8.99,55566.67,78950.743,2.433
1128,600233.SH,20150831,7.48,7.48,7.02,7.12,7.49,-0.3700000000000001,-4.94,46251.56,69214.733,2.433
1129,600233.SH,20150828,7.02,7.51,7.02,7.49,6.89,0.6000000000000005,8.71,89750.29,135475.082,2.433
1130,600233.SH,20150827,6.83,7.11,6.49,6.89,6.62,0.2699999999999996,4.08,78955.99,111592.302,2.433
1131,600233.SH,20150826,6.39,6.98,6.19,6.62,6.35,0.27000000000000046,4.25,87119.95,120048.966,2.433
1132,600233.SH,20150825,6.49,6.89,6.35,6.35,7.06,-0.71,-10.06,67895.19,91981.395,2.433
1133,600233.SH,20150824,7.53,7.53,7.06,7.06,7.84,-0.7800000000000002,-9.95,40283.98,60217.801,2.433
1134,600233.SH,20150821,8.32,8.48,7.78,7.84,8.52,-0.6799999999999997,-7.98,41719.71,71137.538,2.433
1135,600233.SH,20150820,8.2,9.03,8.09,8.52,8.46,0.05999999999999872,0.71,75742.05,135612.783,2.433
1136,600233.SH,20150819,8.08,8.65,7.53,8.46,8.37,0.09000000000000163,1.08,64785.65,107761.589,2.433
1137,600233.SH,20150818,9.05,9.28,8.37,8.37,9.3,-0.9300000000000015,-10.0,57484.64,105333.564,2.433
1138,600233.SH,20150817,8.75,9.48,8.74,9.3,8.97,0.33000000000000007,3.68,88353.44,167900.001,2.433
1139,600233.SH,20150814,9.36,9.39,8.93,8.97,9.32,-0.34999999999999964,-3.76,82835.87,156890.734,2.433
1140,600233.SH,20150813,9.13,9.43,8.93,9.32,9.44,-0.11999999999999922,-1.27,103874.29,198165.006,2.433
1141,600233.SH,20150812,8.89,9.71,8.71,9.44,8.94,0.5,5.59,132198.43,256171.85,2.433
1142,600233.SH,20150811,8.61,9.37,8.56,8.94,8.65,0.28999999999999915,3.35,124617.82,232167.318,2.433
1143,600233.SH,20150810,8.48,8.87,8.27,8.65,8.36,0.2900000000000009,3.47,86288.59,153239.917,2.433
1144,600233.SH,20150807,8.29,8.46,8.18,8.36,8.19,0.16999999999999993,2.08,58670.43,101639.594,2.433
1145,600233.SH,20150806,8.11,8.82,7.97,8.19,8.47,-0.28000000000000114,-3.31,96940.38,168910.807,2.433
1146,600233.SH,20150805,7.63,8.47,7.46,8.47,7.7,0.7700000000000005,10.0,119938.29,201602.806,2.433
1147,600233.SH,20150804,7.07,7.72,6.9,7.7,7.09,0.6100000000000003,8.6,68707.26,105163.331,2.433
1148,600233.SH,20150803,7.6,7.6,7.09,7.09,7.88,-0.79,-10.03,77696.16,116906.913,2.433
1149,600233.SH,20150731,7.98,8.65,7.88,7.88,8.75,-0.8700000000000001,-9.94,99124.62,166916.741,2.433
1150,600233.SH,20150720,8.41,8.95,8.22,8.75,8.14,0.6099999999999994,7.49,173247.33,314141.331,2.433
1151,600233.SH,20150717,7.69,8.14,7.36,8.14,7.4,0.7400000000000002,10.0,195197.75,314118.82,2.433
1152,600233.SH,20150716,6.73,7.4,6.68,7.4,6.73,0.6699999999999999,9.96,157142.75,239024.014,2.433
1153,600233.SH,20150715,7.21,7.45,6.57,6.73,7.26,-0.5299999999999994,-7.3,112411.06,164390.981,2.433
1154,600233.SH,20150714,7.26,7.26,6.91,7.26,6.61,0.6499999999999995,9.83,122771.86,184796.054,2.433
1155,600233.SH,20150713,6.61,6.61,6.61,6.61,6.0,0.6100000000000003,10.17,14102.21,19376.437,2.433
1156,600233.SH,20150710,5.86,6.0,5.86,6.0,5.46,0.54,9.89,41360.84,51277.635,2.433
1157,600233.SH,20150709,4.95,5.46,4.94,5.46,4.96,0.5,10.08,100904.21,111330.753,2.433
1158,600233.SH,20150708,4.93,5.24,4.86,4.96,5.39,-0.4299999999999997,-7.98,196004.93,201294.05,2.433
1159,600233.SH,20150707,5.87,6.05,5.24,5.39,5.83,-0.4400000000000004,-7.55,150189.84,172641.028,2.433
1160,600233.SH,20150706,7.11,7.11,5.83,5.83,6.48,-0.6500000000000004,-10.03,87068.78,115409.193,2.433
1161,600233.SH,20150703,7.02,7.3,6.46,6.48,7.18,-0.6999999999999993,-9.75,75169.96,105274.46,2.433
1162,600233.SH,20150702,7.87,7.98,7.18,7.18,7.98,-0.8000000000000007,-10.03,80181.95,124927.024,2.433
1163,600233.SH,20150701,8.65,8.89,7.98,7.98,8.86,-0.879999999999999,-9.93,75934.22,134189.799,2.433
1164,600233.SH,20150630,8.42,8.94,7.76,8.86,8.62,0.2400000000000002,2.78,86649.18,148800.785,2.433
1165,600233.SH,20150629,9.73,9.94,8.62,8.62,9.58,-0.9600000000000009,-10.02,55031.28,104053.104,2.433
1166,600233.SH,20150626,10.43,10.43,9.58,9.58,10.64,-1.0600000000000005,-9.96,49464.65,101499.651,2.433
1167,600233.SH,20150625,10.77,11.35,10.38,10.64,10.66,-0.019999999999999574,-0.19,67780.31,153438.084,2.433
1168,600233.SH,20150624,10.7,10.81,10.29,10.66,10.5,0.16000000000000014,1.52,53479.61,117921.747,2.433
1169,600233.SH,20150623,10.84,10.95,9.69,10.5,10.73,-0.23000000000000043,-2.14,48796.53,104772.087,2.433
1170,600233.SH,20150619,11.3,11.78,10.73,10.73,11.92,-1.1899999999999995,-9.98,44119.37,103061.885,2.433
1171,600233.SH,20150618,11.92,12.57,11.78,11.92,12.04,-0.11999999999999922,-1.0,58457.09,148700.295,2.433
1172,600233.SH,20150617,11.98,12.18,11.25,12.04,12.14,-0.10000000000000142,-0.82,79632.69,194928.049,2.433
1173,600233.SH,20150616,13.15,13.16,12.05,12.14,13.25,-1.1099999999999994,-8.38,101091.7,265270.742,2.433
1174,600233.SH,20150615,13.11,13.9,13.11,13.25,13.07,0.17999999999999972,1.38,155200.02,434357.565,2.433
1175,600233.SH,20150612,13.1,13.33,12.81,13.07,12.99,0.08000000000000007,0.62,147600.8,400794.19,2.433
1176,600233.SH,20150611,12.29,13.0,12.28,12.99,12.39,0.5999999999999996,4.84,141295.26,374063.176,2.433
1177,600233.SH,20150610,12.24,12.54,12.07,12.39,12.36,0.030000000000001137,0.24,82270.2,211903.241,2.433
1178,600233.SH,20150609,12.4,12.67,12.23,12.36,12.48,-0.120000000000001,-0.96,73573.64,190000.642,2.433
1179,600233.SH,20150608,12.26,12.48,12.11,12.48,12.26,0.22000000000000064,1.79,101351.2,258687.354,2.433
1180,600233.SH,20150605,12.31,12.66,11.9,12.26,12.16,0.09999999999999964,0.82,109607.0,281239.013,2.433
1181,600233.SH,20150604,12.88,12.88,11.62,12.16,12.91,-0.75,-5.81,119484.92,303400.441,2.433
1182,600233.SH,20150603,12.68,13.17,12.48,12.91,12.48,0.4299999999999997,3.45,175951.24,469608.184,2.424
1183,600233.SH,20150602,12.14,12.53,11.97,12.48,11.95,0.5300000000000011,4.44,175948.02,449007.589,2.424
1184,600233.SH,20150601,11.7,11.98,11.49,11.95,11.91,0.03999999999999915,0.34,193461.56,473944.148,2.424
1185,600233.SH,20150529,12.09,12.72,11.32,11.91,12.57,-0.6600000000000001,-5.25,198850.65,486407.316,2.424
1186,600233.SH,20150528,14.02,14.02,12.57,12.57,13.97,-1.4000000000000004,-10.02,222817.87,611107.347,2.424
1187,600233.SH,20150527,13.36,14.13,13.23,13.97,13.31,0.6600000000000001,4.96,262896.53,748433.669,2.424
1188,600233.SH,20150526,13.1,13.34,12.93,13.31,13.06,0.25,1.91,208511.49,569660.46,2.424
1189,600233.SH,20150525,13.31,13.43,12.81,13.06,13.22,-0.16000000000000014,-1.21,131727.99,358122.67,2.424
1190,600233.SH,20150522,12.29,13.31,12.07,13.22,12.19,1.0300000000000011,8.45,86814.08,229370.375,2.424
1191,600233.SH,20150521,12.32,12.51,11.95,12.19,12.32,-0.13000000000000078,-1.06,52896.32,134444.514,2.424
1192,600233.SH,20150520,12.76,13.12,12.31,12.32,12.92,-0.5999999999999996,-4.64,78519.94,207976.442,2.424
1193,600233.SH,20150519,12.44,13.13,12.4,12.92,12.46,0.4599999999999991,3.69,48055.79,128721.847,2.424
1194,600233.SH,20150518,12.41,12.55,12.21,12.46,12.41,0.05000000000000071,0.4,33083.57,85917.318,2.424
1195,600233.SH,20150515,12.47,12.63,12.22,12.41,12.52,-0.10999999999999943,-0.88,26586.66,69023.423,2.424
1196,600233.SH,20150514,12.64,12.7,12.17,12.52,12.64,-0.120000000000001,-0.95,40125.56,103060.636,2.424
1197,600233.SH,20150513,13.08,13.08,12.21,12.64,13.15,-0.5099999999999998,-3.88,94030.78,247740.219,2.424
1198,600233.SH,20150512,13.12,13.41,12.64,13.15,13.12,0.030000000000001137,0.23,66676.98,180032.593,2.424
1199,600233.SH,20150511,11.97,13.14,11.73,13.12,11.97,1.1499999999999986,9.61,117263.75,301083.269,2.424
1200,600233.SH,20150508,11.06,11.98,10.67,11.97,10.9,1.0700000000000003,9.82,100809.13,238946.087,2.424
1201,600233.SH,20150507,10.75,11.25,10.44,10.9,10.75,0.15000000000000036,1.4,62551.47,141670.159,2.424
1202,600233.SH,20150506,10.61,10.93,10.37,10.75,10.61,0.14000000000000057,1.32,45603.36,101823.464,2.424
1203,600233.SH,20150505,10.78,10.78,10.35,10.61,10.83,-0.22000000000000064,-2.03,24377.99,53635.67,2.424
1204,600233.SH,20150504,10.55,10.98,10.54,10.83,10.48,0.34999999999999964,3.34,35393.18,79628.805,2.424
1205,600233.SH,20150430,10.37,10.5,10.1,10.48,10.35,0.13000000000000078,1.26,47506.61,102251.553,2.424
1206,600233.SH,20150429,10.12,10.43,10.08,10.35,10.13,0.21999999999999886,2.17,24452.32,52221.075,2.424
1207,600233.SH,20150428,10.78,10.78,9.97,10.13,10.75,-0.6199999999999992,-5.77,28817.3,61886.695,2.424
1208,600233.SH,20150427,10.58,10.91,10.44,10.75,10.55,0.1999999999999993,1.9,39006.53,86727.991,2.424
1209,600233.SH,20150424,10.68,10.73,10.39,10.55,10.68,-0.129999999999999,-1.22,27683.55,61065.12,2.424
1210,600233.SH,20150423,10.44,10.92,10.29,10.68,10.45,0.23000000000000043,2.2,54020.05,119909.069,2.424
1211,600233.SH,20150422,10.1,10.47,10.06,10.45,10.09,0.35999999999999943,3.57,58285.84,124247.295,2.424
1212,600233.SH,20150421,9.87,10.17,9.72,10.09,9.86,0.23000000000000043,2.33,32271.27,67082.882,2.424
1213,600233.SH,20150420,10.3,10.39,9.82,9.86,10.37,-0.5099999999999998,-4.92,40630.45,85258.532,2.424
1214,600233.SH,20150417,10.52,10.63,10.16,10.37,10.51,-0.14000000000000057,-1.33,65665.59,141545.481,2.424
1215,600233.SH,20150416,10.7,10.73,9.9,10.51,10.85,-0.33999999999999986,-3.13,51339.43,112275.335,2.424
1216,600233.SH,20150415,10.25,11.02,10.2,10.85,10.3,0.5499999999999989,5.34,68766.87,153953.338,2.424
1217,600233.SH,20150414,10.25,10.37,10.06,10.3,10.21,0.08999999999999986,0.88,37634.59,80048.927,2.424
1218,600233.SH,20150413,10.22,10.54,9.88,10.21,10.28,-0.06999999999999851,-0.68,40869.15,87427.024,2.424
1219,600233.SH,20150410,10.15,10.35,9.76,10.28,10.25,0.02999999999999936,0.29,63361.62,132573.843,2.424
1220,600233.SH,20150409,10.54,10.54,9.87,10.25,10.59,-0.33999999999999986,-3.21,51743.36,109287.846,2.424
1221,600233.SH,20150408,10.58,11.34,10.0,10.59,10.61,-0.019999999999999574,-0.19,46483.52,101548.5,2.424
1222,600233.SH,20150407,10.18,10.92,9.86,10.61,10.19,0.41999999999999993,4.12,88745.44,190757.343,2.424
1223,600233.SH,20150403,9.31,10.2,9.27,10.19,9.34,0.8499999999999996,9.1,62057.41,126264.749,2.424
1224,600233.SH,20150402,8.98,9.43,8.85,9.34,9.0,0.33999999999999986,3.78,46420.39,89519.333,2.424
1225,600233.SH,20150401,8.57,9.03,8.49,9.0,8.66,0.33999999999999986,3.93,42609.86,78610.039,2.424
1226,600233.SH,20150331,8.81,8.91,8.49,8.66,8.82,-0.16000000000000014,-1.81,29483.95,53076.638,2.424
1227,600233.SH,20150330,8.36,8.86,8.35,8.82,8.38,0.4399999999999995,5.25,72148.54,128837.774,2.424
1228,600233.SH,20150327,8.28,8.59,8.13,8.38,8.28,0.10000000000000142,1.21,33281.25,58262.455,2.424
1229,600233.SH,20150326,8.67,8.67,8.26,8.28,8.67,-0.39000000000000057,-4.5,49487.26,86662.781,2.424
1230,600233.SH,20150325,8.8,8.8,8.53,8.67,8.85,-0.17999999999999972,-2.03,51075.92,92134.663,2.424
1231,600233.SH,20150324,8.83,9.09,8.49,8.85,8.83,0.019999999999999574,0.23,70452.43,129837.906,2.424
1232,600233.SH,20150323,8.1,8.83,7.99,8.83,8.03,0.8000000000000007,9.96,60175.41,106498.359,2.424
1233,600233.SH,20150320,8.29,8.58,7.98,8.03,8.11,-0.08000000000000007,-0.99,66515.81,112858.938,2.424
1234,600233.SH,20150319,7.35,8.11,7.24,8.11,7.37,0.7399999999999993,10.04,62834.01,103049.552,2.424
1235,600233.SH,20150318,7.04,7.39,7.04,7.37,7.12,0.25,3.51,41923.29,62870.52,2.424
1236,600233.SH,20150317,6.94,7.17,6.81,7.12,6.94,0.17999999999999972,2.59,70001.42,103062.508,2.424
1237,600233.SH,20150316,6.72,6.95,6.65,6.94,6.63,0.3100000000000005,4.68,52286.07,74608.056,2.424
1238,600233.SH,20150313,6.6,6.73,6.56,6.63,6.58,0.04999999999999982,0.76,37604.47,52192.626,2.424
1239,600233.SH,20150312,6.47,6.77,6.47,6.58,6.49,0.08999999999999986,1.39,78600.43,109153.063,2.424
1240,600233.SH,20150311,6.61,6.65,6.44,6.49,6.61,-0.1200000000000001,-1.82,23819.85,32461.885,2.424
1241,600233.SH,20150310,6.64,6.65,6.49,6.61,6.6,0.010000000000000675,0.15,32925.2,45182.085,2.424
1242,600233.SH,20150309,6.25,6.68,6.17,6.6,6.24,0.35999999999999943,5.77,75575.5,102608.282,2.424
1243,600233.SH,20150306,6.37,6.46,6.22,6.24,6.37,-0.1299999999999999,-2.04,53644.16,70884.435,2.424
1244,600233.SH,20150305,6.25,6.46,6.19,6.37,6.26,0.11000000000000032,1.76,53900.05,71391.33,2.424
1245,600233.SH,20150304,6.03,6.3,6.03,6.26,6.06,0.20000000000000018,3.3,50696.33,65363.464,2.424
1246,600233.SH,20150303,6.03,6.15,6.01,6.06,6.04,0.019999999999999574,0.33,51826.48,65908.997,2.424
1247,600233.SH,20150302,6.08,6.13,6.03,6.04,6.07,-0.03000000000000025,-0.49,49211.3,62331.354,2.424
1248,600233.SH,20150227,6.08,6.12,6.02,6.07,6.07,0.0,0.0,37637.81,47709.549,2.424
1249,600233.SH,20150226,5.93,6.09,5.89,6.07,5.9,0.16999999999999993,2.88,46346.34,58090.145,2.424
1250,600233.SH,20150225,5.89,5.94,5.8,5.9,5.88,0.020000000000000462,0.34,23045.34,28280.627,2.424
1251,600233.SH,20150217,5.93,5.94,5.84,5.88,5.89,-0.009999999999999787,-0.17,23234.02,28501.621,2.424
1252,600233.SH,20150216,5.81,5.94,5.8,5.89,5.82,0.0699999999999994,1.2,48913.07,59876.939,2.424
1253,600233.SH,20150213,5.66,5.83,5.64,5.82,5.64,0.1800000000000006,3.19,31653.65,38204.199,2.424
1254,600233.SH,20150212,5.61,5.66,5.56,5.64,5.62,0.019999999999999574,0.36,14009.47,16396.078,2.424
1255,600233.SH,20150211,5.51,5.63,5.51,5.62,5.51,0.11000000000000032,2.0,13696.42,15918.85,2.424
1256,600233.SH,20150210,5.51,5.52,5.46,5.51,5.5,0.009999999999999787,0.18,10079.36,11566.469,2.424
1257,600233.SH,20150209,5.46,5.54,5.45,5.5,5.48,0.019999999999999574,0.36,9091.17,10446.464,2.424
1258,600233.SH,20150206,5.61,5.68,5.46,5.48,5.68,-0.1999999999999993,-3.52,19566.86,22730.24,2.424
1259,600233.SH,20150205,5.77,5.78,5.67,5.68,5.7,-0.020000000000000462,-0.35,15178.63,18099.383,2.424
1260,600233.SH,20150204,5.81,5.85,5.7,5.7,5.81,-0.10999999999999943,-1.89,25520.74,30701.099,2.424
1261,600233.SH,20150203,5.72,5.86,5.71,5.81,5.72,0.08999999999999986,1.57,21906.27,26528.456,2.424
1262,600233.SH,20150202,5.65,5.76,5.6,5.72,5.69,0.02999999999999936,0.53,17221.71,20449.73,2.424
1263,600233.SH,20150130,5.83,5.85,5.69,5.69,5.82,-0.1299999999999999,-2.23,19548.92,23473.007,2.424
1264,600233.SH,20150129,5.84,5.88,5.73,5.82,5.85,-0.02999999999999936,-0.51,25996.16,31481.728,2.424
1265,600233.SH,20150128,5.88,5.9,5.78,5.85,5.93,-0.08000000000000007,-1.35,35908.22,43771.226,2.424
1266,600233.SH,20150127,5.84,6.06,5.8,5.93,5.78,0.14999999999999947,2.6,84172.2,104165.534,2.424
1267,600233.SH,20150126,5.59,5.78,5.58,5.78,5.61,0.16999999999999993,3.03,52402.64,62537.714,2.424
1268,600233.SH,20150123,5.63,5.74,5.59,5.61,5.62,-0.009999999999999787,-0.18,46260.54,54607.706,2.424
1269,600233.SH,20150122,5.67,5.67,5.58,5.62,5.65,-0.03000000000000025,-0.53,41610.18,48786.056,2.424
1270,600233.SH,20150121,5.49,5.66,5.47,5.65,5.46,0.1900000000000004,3.48,42507.72,49792.893,2.424
1271,600233.SH,20150120,5.32,5.47,5.32,5.46,5.28,0.17999999999999972,3.41,26632.09,30103.295,2.424
1272,600233.SH,20150119,5.44,5.51,5.23,5.28,5.49,-0.20999999999999996,-3.83,29965.73,33575.457,2.424
1273,600233.SH,20150116,5.46,5.52,5.41,5.49,5.49,0.0,0.0,16401.98,18756.331,2.424
1274,600233.SH,20150115,5.37,5.55,5.33,5.49,5.37,0.1200000000000001,2.23,16798.58,19147.317,2.424
1275,600233.SH,20150114,5.45,5.46,5.36,5.37,5.45,-0.08000000000000007,-1.47,12563.47,14179.764,2.424
1276,600233.SH,20150113,5.36,5.46,5.33,5.45,5.36,0.08999999999999986,1.68,13890.23,15667.376,2.424
1277,600233.SH,20150112,5.57,5.57,5.31,5.36,5.6,-0.23999999999999932,-4.29,31132.21,35091.218,2.424
1278,600233.SH,20150109,5.59,5.77,5.51,5.6,5.64,-0.040000000000000036,-0.71,38129.36,45005.915,2.424
1279,600233.SH,20150108,5.57,5.78,5.43,5.64,5.64,0.0,0.0,44912.39,52685.659,2.424
1280,600233.SH,20150107,5.6,5.66,5.46,5.64,5.6,0.040000000000000036,0.71,40788.84,47453.386,2.424
1281,600233.SH,20150106,5.41,5.65,5.36,5.6,5.45,0.14999999999999947,2.75,35066.16,40394.613,2.424
1282,600233.SH,20150105,5.36,5.46,5.34,5.45,5.36,0.08999999999999986,1.68,23219.36,26224.356,2.424
